/*--------------------------------*- C++ -*----------------------------------*\
| =========                 |                                                 |
| \\      /  F ield         | OpenFOAM: The Open Source CFD Toolbox           |
|  \\    /   O peration     | Version:  2.4.0                                 |
|   \\  /    A nd           | Web:      www.OpenFOAM.org                      |
|    \\/     M anipulation  |                                                 |
\*---------------------------------------------------------------------------*/
FoamFile
{
    version     2.0;
    format      ascii;
    class       vectorField;
    location    "constant/polyMesh";
    object      points;
}
// * * * * * * * * * * * * * * * * * * * * * * * * * * * * * * * * * * * * * //


804
(
(-250 -1 -1)
(-246.7319014 -1 -1)
(-243.5013993 -1 -1)
(-240.3080612 -1 -1)
(-237.1514596 -1 -1)
(-234.0311718 -1 -1)
(-230.9467801 -1 -1)
(-227.8978715 -1 -1)
(-224.8840379 -1 -1)
(-221.9048757 -1 -1)
(-218.9599861 -1 -1)
(-216.0489747 -1 -1)
(-213.171452 -1 -1)
(-210.3270325 -1 -1)
(-207.5153355 -1 -1)
(-204.7359845 -1 -1)
(-201.9886074 -1 -1)
(-199.2728364 -1 -1)
(-196.5883079 -1 -1)
(-193.9346625 -1 -1)
(-191.3115449 -1 -1)
(-188.7186039 -1 -1)
(-186.1554923 -1 -1)
(-183.621867 -1 -1)
(-181.1173887 -1 -1)
(-178.6417222 -1 -1)
(-176.194536 -1 -1)
(-173.7755025 -1 -1)
(-171.3842978 -1 -1)
(-169.0206017 -1 -1)
(-166.6840978 -1 -1)
(-164.3744733 -1 -1)
(-162.0914189 -1 -1)
(-159.834629 -1 -1)
(-157.6038014 -1 -1)
(-155.3986374 -1 -1)
(-153.2188419 -1 -1)
(-151.064123 -1 -1)
(-148.9341921 -1 -1)
(-146.8287642 -1 -1)
(-144.7475573 -1 -1)
(-142.6902928 -1 -1)
(-140.6566953 -1 -1)
(-138.6464925 -1 -1)
(-136.6594152 -1 -1)
(-134.6951975 -1 -1)
(-132.7535763 -1 -1)
(-130.8342918 -1 -1)
(-128.9370868 -1 -1)
(-127.0617075 -1 -1)
(-125.2079027 -1 -1)
(-123.3754243 -1 -1)
(-121.5640269 -1 -1)
(-119.7734679 -1 -1)
(-118.0035077 -1 -1)
(-116.2539094 -1 -1)
(-114.5244385 -1 -1)
(-112.8148637 -1 -1)
(-111.1249559 -1 -1)
(-109.4544891 -1 -1)
(-107.8032394 -1 -1)
(-106.1709859 -1 -1)
(-104.55751 -1 -1)
(-102.9625956 -1 -1)
(-101.3860293 -1 -1)
(-99.82759999 -1 -1)
(-98.28709898 -1 -1)
(-96.76432004 -1 -1)
(-95.2590593 -1 -1)
(-93.77111522 -1 -1)
(-92.30028859 -1 -1)
(-90.84638249 -1 -1)
(-89.40920226 -1 -1)
(-87.98855549 -1 -1)
(-86.58425198 -1 -1)
(-85.19610371 -1 -1)
(-83.82392482 -1 -1)
(-82.46753162 -1 -1)
(-81.12674249 -1 -1)
(-79.80137793 -1 -1)
(-78.49126049 -1 -1)
(-77.19621476 -1 -1)
(-75.91606737 -1 -1)
(-74.65064691 -1 -1)
(-73.39978397 -1 -1)
(-72.16331107 -1 -1)
(-70.94106268 -1 -1)
(-69.73287515 -1 -1)
(-68.53858672 -1 -1)
(-67.35803751 -1 -1)
(-66.19106944 -1 -1)
(-65.03752628 -1 -1)
(-63.8972536 -1 -1)
(-62.77009872 -1 -1)
(-61.65591074 -1 -1)
(-60.55454048 -1 -1)
(-59.46584049 -1 -1)
(-58.38966501 -1 -1)
(-57.32586996 -1 -1)
(-56.2743129 -1 -1)
(-55.23485306 -1 -1)
(-54.20735126 -1 -1)
(-53.19166994 -1 -1)
(-52.18767312 -1 -1)
(-51.19522637 -1 -1)
(-50.21419682 -1 -1)
(-49.24445314 -1 -1)
(-48.28586547 -1 -1)
(-47.33830549 -1 -1)
(-46.40164633 -1 -1)
(-45.47576258 -1 -1)
(-44.56053029 -1 -1)
(-43.65582692 -1 -1)
(-42.76153134 -1 -1)
(-41.87752383 -1 -1)
(-41.00368602 -1 -1)
(-40.13990093 -1 -1)
(-39.2860529 -1 -1)
(-38.44202762 -1 -1)
(-37.60771208 -1 -1)
(-36.7829946 -1 -1)
(-35.96776474 -1 -1)
(-35.16191336 -1 -1)
(-34.36533258 -1 -1)
(-33.57791573 -1 -1)
(-32.79955741 -1 -1)
(-32.03015339 -1 -1)
(-31.26960067 -1 -1)
(-30.51779742 -1 -1)
(-29.77464299 -1 -1)
(-29.04003787 -1 -1)
(-28.31388373 -1 -1)
(-27.59608333 -1 -1)
(-26.88654057 -1 -1)
(-26.18516047 -1 -1)
(-25.4918491 -1 -1)
(-24.80651366 -1 -1)
(-24.12906238 -1 -1)
(-23.45940456 -1 -1)
(-22.79745055 -1 -1)
(-22.14311173 -1 -1)
(-21.49630048 -1 -1)
(-20.8569302 -1 -1)
(-20.22491531 -1 -1)
(-19.60017117 -1 -1)
(-18.98261415 -1 -1)
(-18.37216157 -1 -1)
(-17.76873169 -1 -1)
(-17.17224372 -1 -1)
(-16.58261781 -1 -1)
(-15.99977501 -1 -1)
(-15.4236373 -1 -1)
(-14.85412752 -1 -1)
(-14.29116944 -1 -1)
(-13.73468768 -1 -1)
(-13.18460774 -1 -1)
(-12.64085598 -1 -1)
(-12.10335958 -1 -1)
(-11.5720466 -1 -1)
(-11.04684589 -1 -1)
(-10.52768714 -1 -1)
(-10.01450084 -1 -1)
(-9.507218286 -1 -1)
(-9.005771559 -1 -1)
(-8.510093522 -1 -1)
(-8.020117813 -1 -1)
(-7.535778831 -1 -1)
(-7.057011731 -1 -1)
(-6.583752414 -1 -1)
(-6.115937517 -1 -1)
(-5.653504406 -1 -1)
(-5.196391171 -1 -1)
(-4.74453661 -1 -1)
(-4.297880226 -1 -1)
(-3.856362221 -1 -1)
(-3.41992348 -1 -1)
(-2.988505573 -1 -1)
(-2.562050738 -1 -1)
(-2.14050188 -1 -1)
(-1.72380256 -1 -1)
(-1.31189699 -1 -1)
(-0.9047300197 -1 -1)
(-0.5022471374 -1 -1)
(-0.1043944566 -1 -1)
(0.288881289 -1 -1)
(0.6776327529 -1 -1)
(1.061911983 -1 -1)
(1.441770428 -1 -1)
(1.817258946 -1 -1)
(2.188427807 -1 -1)
(2.555326707 -1 -1)
(2.918004767 -1 -1)
(3.276510543 -1 -1)
(3.630892036 -1 -1)
(3.981196689 -1 -1)
(4.327471405 -1 -1)
(4.669762543 -1 -1)
(5.008115932 -1 -1)
(5.34257687 -1 -1)
(5.673190138 -1 -1)
(6 -1 -1)
(-250 1 -1)
(-246.7319014 1 -1)
(-243.5013993 1 -1)
(-240.3080612 1 -1)
(-237.1514596 1 -1)
(-234.0311718 1 -1)
(-230.9467801 1 -1)
(-227.8978715 1 -1)
(-224.8840379 1 -1)
(-221.9048757 1 -1)
(-218.9599861 1 -1)
(-216.0489747 1 -1)
(-213.171452 1 -1)
(-210.3270325 1 -1)
(-207.5153355 1 -1)
(-204.7359845 1 -1)
(-201.9886074 1 -1)
(-199.2728364 1 -1)
(-196.5883079 1 -1)
(-193.9346625 1 -1)
(-191.3115449 1 -1)
(-188.7186039 1 -1)
(-186.1554923 1 -1)
(-183.621867 1 -1)
(-181.1173887 1 -1)
(-178.6417222 1 -1)
(-176.194536 1 -1)
(-173.7755025 1 -1)
(-171.3842978 1 -1)
(-169.0206017 1 -1)
(-166.6840978 1 -1)
(-164.3744733 1 -1)
(-162.0914189 1 -1)
(-159.834629 1 -1)
(-157.6038014 1 -1)
(-155.3986374 1 -1)
(-153.2188419 1 -1)
(-151.064123 1 -1)
(-148.9341921 1 -1)
(-146.8287642 1 -1)
(-144.7475573 1 -1)
(-142.6902928 1 -1)
(-140.6566953 1 -1)
(-138.6464925 1 -1)
(-136.6594152 1 -1)
(-134.6951975 1 -1)
(-132.7535763 1 -1)
(-130.8342918 1 -1)
(-128.9370868 1 -1)
(-127.0617075 1 -1)
(-125.2079027 1 -1)
(-123.3754243 1 -1)
(-121.5640269 1 -1)
(-119.7734679 1 -1)
(-118.0035077 1 -1)
(-116.2539094 1 -1)
(-114.5244385 1 -1)
(-112.8148637 1 -1)
(-111.1249559 1 -1)
(-109.4544891 1 -1)
(-107.8032394 1 -1)
(-106.1709859 1 -1)
(-104.55751 1 -1)
(-102.9625956 1 -1)
(-101.3860293 1 -1)
(-99.82759999 1 -1)
(-98.28709898 1 -1)
(-96.76432004 1 -1)
(-95.2590593 1 -1)
(-93.77111522 1 -1)
(-92.30028859 1 -1)
(-90.84638249 1 -1)
(-89.40920226 1 -1)
(-87.98855549 1 -1)
(-86.58425198 1 -1)
(-85.19610371 1 -1)
(-83.82392482 1 -1)
(-82.46753162 1 -1)
(-81.12674249 1 -1)
(-79.80137793 1 -1)
(-78.49126049 1 -1)
(-77.19621476 1 -1)
(-75.91606737 1 -1)
(-74.65064691 1 -1)
(-73.39978397 1 -1)
(-72.16331107 1 -1)
(-70.94106268 1 -1)
(-69.73287515 1 -1)
(-68.53858672 1 -1)
(-67.35803751 1 -1)
(-66.19106944 1 -1)
(-65.03752628 1 -1)
(-63.8972536 1 -1)
(-62.77009872 1 -1)
(-61.65591074 1 -1)
(-60.55454048 1 -1)
(-59.46584049 1 -1)
(-58.38966501 1 -1)
(-57.32586996 1 -1)
(-56.2743129 1 -1)
(-55.23485306 1 -1)
(-54.20735126 1 -1)
(-53.19166994 1 -1)
(-52.18767312 1 -1)
(-51.19522637 1 -1)
(-50.21419682 1 -1)
(-49.24445314 1 -1)
(-48.28586547 1 -1)
(-47.33830549 1 -1)
(-46.40164633 1 -1)
(-45.47576258 1 -1)
(-44.56053029 1 -1)
(-43.65582692 1 -1)
(-42.76153134 1 -1)
(-41.87752383 1 -1)
(-41.00368602 1 -1)
(-40.13990093 1 -1)
(-39.2860529 1 -1)
(-38.44202762 1 -1)
(-37.60771208 1 -1)
(-36.7829946 1 -1)
(-35.96776474 1 -1)
(-35.16191336 1 -1)
(-34.36533258 1 -1)
(-33.57791573 1 -1)
(-32.79955741 1 -1)
(-32.03015339 1 -1)
(-31.26960067 1 -1)
(-30.51779742 1 -1)
(-29.77464299 1 -1)
(-29.04003787 1 -1)
(-28.31388373 1 -1)
(-27.59608333 1 -1)
(-26.88654057 1 -1)
(-26.18516047 1 -1)
(-25.4918491 1 -1)
(-24.80651366 1 -1)
(-24.12906238 1 -1)
(-23.45940456 1 -1)
(-22.79745055 1 -1)
(-22.14311173 1 -1)
(-21.49630048 1 -1)
(-20.8569302 1 -1)
(-20.22491531 1 -1)
(-19.60017117 1 -1)
(-18.98261415 1 -1)
(-18.37216157 1 -1)
(-17.76873169 1 -1)
(-17.17224372 1 -1)
(-16.58261781 1 -1)
(-15.99977501 1 -1)
(-15.4236373 1 -1)
(-14.85412752 1 -1)
(-14.29116944 1 -1)
(-13.73468768 1 -1)
(-13.18460774 1 -1)
(-12.64085598 1 -1)
(-12.10335958 1 -1)
(-11.5720466 1 -1)
(-11.04684589 1 -1)
(-10.52768714 1 -1)
(-10.01450084 1 -1)
(-9.507218286 1 -1)
(-9.005771559 1 -1)
(-8.510093522 1 -1)
(-8.020117813 1 -1)
(-7.535778831 1 -1)
(-7.057011731 1 -1)
(-6.583752414 1 -1)
(-6.115937517 1 -1)
(-5.653504406 1 -1)
(-5.196391171 1 -1)
(-4.74453661 1 -1)
(-4.297880226 1 -1)
(-3.856362221 1 -1)
(-3.41992348 1 -1)
(-2.988505573 1 -1)
(-2.562050738 1 -1)
(-2.14050188 1 -1)
(-1.72380256 1 -1)
(-1.31189699 1 -1)
(-0.9047300197 1 -1)
(-0.5022471374 1 -1)
(-0.1043944566 1 -1)
(0.288881289 1 -1)
(0.6776327529 1 -1)
(1.061911983 1 -1)
(1.441770428 1 -1)
(1.817258946 1 -1)
(2.188427807 1 -1)
(2.555326707 1 -1)
(2.918004767 1 -1)
(3.276510543 1 -1)
(3.630892036 1 -1)
(3.981196689 1 -1)
(4.327471405 1 -1)
(4.669762543 1 -1)
(5.008115932 1 -1)
(5.34257687 1 -1)
(5.673190138 1 -1)
(6 1 -1)
(-250 -1 1)
(-246.7319014 -1 1)
(-243.5013993 -1 1)
(-240.3080612 -1 1)
(-237.1514596 -1 1)
(-234.0311718 -1 1)
(-230.9467801 -1 1)
(-227.8978715 -1 1)
(-224.8840379 -1 1)
(-221.9048757 -1 1)
(-218.9599861 -1 1)
(-216.0489747 -1 1)
(-213.171452 -1 1)
(-210.3270325 -1 1)
(-207.5153355 -1 1)
(-204.7359845 -1 1)
(-201.9886074 -1 1)
(-199.2728364 -1 1)
(-196.5883079 -1 1)
(-193.9346625 -1 1)
(-191.3115449 -1 1)
(-188.7186039 -1 1)
(-186.1554923 -1 1)
(-183.621867 -1 1)
(-181.1173887 -1 1)
(-178.6417222 -1 1)
(-176.194536 -1 1)
(-173.7755025 -1 1)
(-171.3842978 -1 1)
(-169.0206017 -1 1)
(-166.6840978 -1 1)
(-164.3744733 -1 1)
(-162.0914189 -1 1)
(-159.834629 -1 1)
(-157.6038014 -1 1)
(-155.3986374 -1 1)
(-153.2188419 -1 1)
(-151.064123 -1 1)
(-148.9341921 -1 1)
(-146.8287642 -1 1)
(-144.7475573 -1 1)
(-142.6902928 -1 1)
(-140.6566953 -1 1)
(-138.6464925 -1 1)
(-136.6594152 -1 1)
(-134.6951975 -1 1)
(-132.7535763 -1 1)
(-130.8342918 -1 1)
(-128.9370868 -1 1)
(-127.0617075 -1 1)
(-125.2079027 -1 1)
(-123.3754243 -1 1)
(-121.5640269 -1 1)
(-119.7734679 -1 1)
(-118.0035077 -1 1)
(-116.2539094 -1 1)
(-114.5244385 -1 1)
(-112.8148637 -1 1)
(-111.1249559 -1 1)
(-109.4544891 -1 1)
(-107.8032394 -1 1)
(-106.1709859 -1 1)
(-104.55751 -1 1)
(-102.9625956 -1 1)
(-101.3860293 -1 1)
(-99.82759999 -1 1)
(-98.28709898 -1 1)
(-96.76432004 -1 1)
(-95.2590593 -1 1)
(-93.77111522 -1 1)
(-92.30028859 -1 1)
(-90.84638249 -1 1)
(-89.40920226 -1 1)
(-87.98855549 -1 1)
(-86.58425198 -1 1)
(-85.19610371 -1 1)
(-83.82392482 -1 1)
(-82.46753162 -1 1)
(-81.12674249 -1 1)
(-79.80137793 -1 1)
(-78.49126049 -1 1)
(-77.19621476 -1 1)
(-75.91606737 -1 1)
(-74.65064691 -1 1)
(-73.39978397 -1 1)
(-72.16331107 -1 1)
(-70.94106268 -1 1)
(-69.73287515 -1 1)
(-68.53858672 -1 1)
(-67.35803751 -1 1)
(-66.19106944 -1 1)
(-65.03752628 -1 1)
(-63.8972536 -1 1)
(-62.77009872 -1 1)
(-61.65591074 -1 1)
(-60.55454048 -1 1)
(-59.46584049 -1 1)
(-58.38966501 -1 1)
(-57.32586996 -1 1)
(-56.2743129 -1 1)
(-55.23485306 -1 1)
(-54.20735126 -1 1)
(-53.19166994 -1 1)
(-52.18767312 -1 1)
(-51.19522637 -1 1)
(-50.21419682 -1 1)
(-49.24445314 -1 1)
(-48.28586547 -1 1)
(-47.33830549 -1 1)
(-46.40164633 -1 1)
(-45.47576258 -1 1)
(-44.56053029 -1 1)
(-43.65582692 -1 1)
(-42.76153134 -1 1)
(-41.87752383 -1 1)
(-41.00368602 -1 1)
(-40.13990093 -1 1)
(-39.2860529 -1 1)
(-38.44202762 -1 1)
(-37.60771208 -1 1)
(-36.7829946 -1 1)
(-35.96776474 -1 1)
(-35.16191336 -1 1)
(-34.36533258 -1 1)
(-33.57791573 -1 1)
(-32.79955741 -1 1)
(-32.03015339 -1 1)
(-31.26960067 -1 1)
(-30.51779742 -1 1)
(-29.77464299 -1 1)
(-29.04003787 -1 1)
(-28.31388373 -1 1)
(-27.59608333 -1 1)
(-26.88654057 -1 1)
(-26.18516047 -1 1)
(-25.4918491 -1 1)
(-24.80651366 -1 1)
(-24.12906238 -1 1)
(-23.45940456 -1 1)
(-22.79745055 -1 1)
(-22.14311173 -1 1)
(-21.49630048 -1 1)
(-20.8569302 -1 1)
(-20.22491531 -1 1)
(-19.60017117 -1 1)
(-18.98261415 -1 1)
(-18.37216157 -1 1)
(-17.76873169 -1 1)
(-17.17224372 -1 1)
(-16.58261781 -1 1)
(-15.99977501 -1 1)
(-15.4236373 -1 1)
(-14.85412752 -1 1)
(-14.29116944 -1 1)
(-13.73468768 -1 1)
(-13.18460774 -1 1)
(-12.64085598 -1 1)
(-12.10335958 -1 1)
(-11.5720466 -1 1)
(-11.04684589 -1 1)
(-10.52768714 -1 1)
(-10.01450084 -1 1)
(-9.507218286 -1 1)
(-9.005771559 -1 1)
(-8.510093522 -1 1)
(-8.020117813 -1 1)
(-7.535778831 -1 1)
(-7.057011731 -1 1)
(-6.583752414 -1 1)
(-6.115937517 -1 1)
(-5.653504406 -1 1)
(-5.196391171 -1 1)
(-4.74453661 -1 1)
(-4.297880226 -1 1)
(-3.856362221 -1 1)
(-3.41992348 -1 1)
(-2.988505573 -1 1)
(-2.562050738 -1 1)
(-2.14050188 -1 1)
(-1.72380256 -1 1)
(-1.31189699 -1 1)
(-0.9047300197 -1 1)
(-0.5022471374 -1 1)
(-0.1043944566 -1 1)
(0.288881289 -1 1)
(0.6776327529 -1 1)
(1.061911983 -1 1)
(1.441770428 -1 1)
(1.817258946 -1 1)
(2.188427807 -1 1)
(2.555326707 -1 1)
(2.918004767 -1 1)
(3.276510543 -1 1)
(3.630892036 -1 1)
(3.981196689 -1 1)
(4.327471405 -1 1)
(4.669762543 -1 1)
(5.008115932 -1 1)
(5.34257687 -1 1)
(5.673190138 -1 1)
(6 -1 1)
(-250 1 1)
(-246.7319014 1 1)
(-243.5013993 1 1)
(-240.3080612 1 1)
(-237.1514596 1 1)
(-234.0311718 1 1)
(-230.9467801 1 1)
(-227.8978715 1 1)
(-224.8840379 1 1)
(-221.9048757 1 1)
(-218.9599861 1 1)
(-216.0489747 1 1)
(-213.171452 1 1)
(-210.3270325 1 1)
(-207.5153355 1 1)
(-204.7359845 1 1)
(-201.9886074 1 1)
(-199.2728364 1 1)
(-196.5883079 1 1)
(-193.9346625 1 1)
(-191.3115449 1 1)
(-188.7186039 1 1)
(-186.1554923 1 1)
(-183.621867 1 1)
(-181.1173887 1 1)
(-178.6417222 1 1)
(-176.194536 1 1)
(-173.7755025 1 1)
(-171.3842978 1 1)
(-169.0206017 1 1)
(-166.6840978 1 1)
(-164.3744733 1 1)
(-162.0914189 1 1)
(-159.834629 1 1)
(-157.6038014 1 1)
(-155.3986374 1 1)
(-153.2188419 1 1)
(-151.064123 1 1)
(-148.9341921 1 1)
(-146.8287642 1 1)
(-144.7475573 1 1)
(-142.6902928 1 1)
(-140.6566953 1 1)
(-138.6464925 1 1)
(-136.6594152 1 1)
(-134.6951975 1 1)
(-132.7535763 1 1)
(-130.8342918 1 1)
(-128.9370868 1 1)
(-127.0617075 1 1)
(-125.2079027 1 1)
(-123.3754243 1 1)
(-121.5640269 1 1)
(-119.7734679 1 1)
(-118.0035077 1 1)
(-116.2539094 1 1)
(-114.5244385 1 1)
(-112.8148637 1 1)
(-111.1249559 1 1)
(-109.4544891 1 1)
(-107.8032394 1 1)
(-106.1709859 1 1)
(-104.55751 1 1)
(-102.9625956 1 1)
(-101.3860293 1 1)
(-99.82759999 1 1)
(-98.28709898 1 1)
(-96.76432004 1 1)
(-95.2590593 1 1)
(-93.77111522 1 1)
(-92.30028859 1 1)
(-90.84638249 1 1)
(-89.40920226 1 1)
(-87.98855549 1 1)
(-86.58425198 1 1)
(-85.19610371 1 1)
(-83.82392482 1 1)
(-82.46753162 1 1)
(-81.12674249 1 1)
(-79.80137793 1 1)
(-78.49126049 1 1)
(-77.19621476 1 1)
(-75.91606737 1 1)
(-74.65064691 1 1)
(-73.39978397 1 1)
(-72.16331107 1 1)
(-70.94106268 1 1)
(-69.73287515 1 1)
(-68.53858672 1 1)
(-67.35803751 1 1)
(-66.19106944 1 1)
(-65.03752628 1 1)
(-63.8972536 1 1)
(-62.77009872 1 1)
(-61.65591074 1 1)
(-60.55454048 1 1)
(-59.46584049 1 1)
(-58.38966501 1 1)
(-57.32586996 1 1)
(-56.2743129 1 1)
(-55.23485306 1 1)
(-54.20735126 1 1)
(-53.19166994 1 1)
(-52.18767312 1 1)
(-51.19522637 1 1)
(-50.21419682 1 1)
(-49.24445314 1 1)
(-48.28586547 1 1)
(-47.33830549 1 1)
(-46.40164633 1 1)
(-45.47576258 1 1)
(-44.56053029 1 1)
(-43.65582692 1 1)
(-42.76153134 1 1)
(-41.87752383 1 1)
(-41.00368602 1 1)
(-40.13990093 1 1)
(-39.2860529 1 1)
(-38.44202762 1 1)
(-37.60771208 1 1)
(-36.7829946 1 1)
(-35.96776474 1 1)
(-35.16191336 1 1)
(-34.36533258 1 1)
(-33.57791573 1 1)
(-32.79955741 1 1)
(-32.03015339 1 1)
(-31.26960067 1 1)
(-30.51779742 1 1)
(-29.77464299 1 1)
(-29.04003787 1 1)
(-28.31388373 1 1)
(-27.59608333 1 1)
(-26.88654057 1 1)
(-26.18516047 1 1)
(-25.4918491 1 1)
(-24.80651366 1 1)
(-24.12906238 1 1)
(-23.45940456 1 1)
(-22.79745055 1 1)
(-22.14311173 1 1)
(-21.49630048 1 1)
(-20.8569302 1 1)
(-20.22491531 1 1)
(-19.60017117 1 1)
(-18.98261415 1 1)
(-18.37216157 1 1)
(-17.76873169 1 1)
(-17.17224372 1 1)
(-16.58261781 1 1)
(-15.99977501 1 1)
(-15.4236373 1 1)
(-14.85412752 1 1)
(-14.29116944 1 1)
(-13.73468768 1 1)
(-13.18460774 1 1)
(-12.64085598 1 1)
(-12.10335958 1 1)
(-11.5720466 1 1)
(-11.04684589 1 1)
(-10.52768714 1 1)
(-10.01450084 1 1)
(-9.507218286 1 1)
(-9.005771559 1 1)
(-8.510093522 1 1)
(-8.020117813 1 1)
(-7.535778831 1 1)
(-7.057011731 1 1)
(-6.583752414 1 1)
(-6.115937517 1 1)
(-5.653504406 1 1)
(-5.196391171 1 1)
(-4.74453661 1 1)
(-4.297880226 1 1)
(-3.856362221 1 1)
(-3.41992348 1 1)
(-2.988505573 1 1)
(-2.562050738 1 1)
(-2.14050188 1 1)
(-1.72380256 1 1)
(-1.31189699 1 1)
(-0.9047300197 1 1)
(-0.5022471374 1 1)
(-0.1043944566 1 1)
(0.288881289 1 1)
(0.6776327529 1 1)
(1.061911983 1 1)
(1.441770428 1 1)
(1.817258946 1 1)
(2.188427807 1 1)
(2.555326707 1 1)
(2.918004767 1 1)
(3.276510543 1 1)
(3.630892036 1 1)
(3.981196689 1 1)
(4.327471405 1 1)
(4.669762543 1 1)
(5.008115932 1 1)
(5.34257687 1 1)
(5.673190138 1 1)
(6 1 1)
)


// ************************************************************************* //
