# Probe 0 (1 0 0)
# Probe 1 (110 0 0)
# Probe 2 (200 0 0)
# Probe 3 (242.5 0 0)
# Probe 4 (255 0 0)
#       Probe             0             1             2             3             4
#        Time
            0   3.59583e+06   3.59583e+06   3.59583e+06   3.59583e+06   3.59583e+06
         0.01   3.56183e+06   3.56183e+06   3.56183e+06   3.56183e+06   2.73548e+06
         0.02   3.56183e+06   3.56183e+06   3.56183e+06   3.56183e+06   1.88922e+06
         0.03   3.56183e+06   3.56183e+06   3.56183e+06   3.56183e+06   1.59695e+06
         0.04   3.56183e+06   3.56183e+06   3.56183e+06   3.56183e+06   1.45352e+06
         0.05   3.56183e+06   3.56183e+06   3.56183e+06   3.56183e+06     1.371e+06
         0.06   3.56183e+06   3.56183e+06   3.56183e+06   3.56181e+06   1.32229e+06
         0.07   3.56183e+06   3.56183e+06   3.56183e+06   3.56139e+06   1.29488e+06
         0.08   3.56183e+06   3.56183e+06   3.56183e+06   3.55821e+06    1.2824e+06
         0.09   3.56183e+06   3.56183e+06   3.56183e+06    3.5446e+06   1.27994e+06
          0.1   3.56183e+06   3.56183e+06   3.56183e+06   3.48184e+06   1.28347e+06
         0.11   3.56183e+06   3.56183e+06   3.56183e+06   3.28289e+06   1.29015e+06
         0.12   3.56183e+06   3.56183e+06   3.56183e+06     3.279e+06   1.29789e+06
         0.13   3.56183e+06   3.56183e+06   3.56183e+06   3.23215e+06   1.30544e+06
         0.14   3.56183e+06   3.56183e+06   3.56183e+06   3.12588e+06    1.3121e+06
         0.15   3.56183e+06   3.56183e+06   3.56183e+06   2.98419e+06   1.31748e+06
         0.16   3.56183e+06   3.56183e+06   3.56183e+06   2.84159e+06   1.32148e+06
         0.17   3.56183e+06   3.56183e+06   3.56183e+06   2.71453e+06   1.32415e+06
         0.18   3.56183e+06   3.56183e+06   3.56183e+06   2.60601e+06   1.32566e+06
         0.19   3.56183e+06   3.56183e+06   3.56183e+06   2.51403e+06   1.32619e+06
          0.2   3.56183e+06   3.56183e+06   3.56183e+06   2.43576e+06   1.32594e+06
         0.21   3.56183e+06   3.56183e+06   3.56183e+06   2.36876e+06   1.32508e+06
         0.22   3.56183e+06   3.56183e+06   3.56183e+06   2.31105e+06   1.32376e+06
         0.23   3.56183e+06   3.56183e+06   3.56183e+06   2.26105e+06   1.32211e+06
         0.24   3.56183e+06   3.56183e+06   3.56183e+06   2.21751e+06   1.32022e+06
         0.25   3.56183e+06   3.56183e+06   3.56183e+06   2.17943e+06   1.31817e+06
         0.26   3.56183e+06   3.56183e+06   3.56183e+06     2.146e+06   1.31602e+06
         0.27   3.56183e+06   3.56183e+06   3.56183e+06   2.11657e+06    1.3138e+06
         0.28   3.56183e+06   3.56183e+06   3.56183e+06   2.09061e+06   1.31154e+06
         0.29   3.56183e+06   3.56183e+06   3.56183e+06   2.06767e+06   1.30926e+06
          0.3   3.56183e+06   3.56183e+06   3.56183e+06   2.04739e+06   1.30698e+06
         0.31   3.56183e+06   3.56183e+06   3.56183e+06   2.02946e+06    1.3047e+06
         0.32   3.56183e+06   3.56183e+06   3.56182e+06   2.01365e+06   1.30243e+06
         0.33   3.56183e+06   3.56183e+06   3.56181e+06   1.99974e+06   1.30017e+06
         0.34   3.56183e+06   3.56183e+06   3.56177e+06   1.98757e+06   1.29794e+06
         0.35   3.56183e+06   3.56183e+06   3.56168e+06   1.97699e+06   1.29573e+06
         0.36   3.56183e+06   3.56183e+06   3.56147e+06   1.96785e+06   1.29354e+06
         0.37   3.56183e+06   3.56183e+06   3.56104e+06   1.96002e+06   1.29137e+06
         0.38   3.56183e+06   3.56183e+06   3.56022e+06   1.95337e+06   1.28922e+06
         0.39   3.56183e+06   3.56183e+06   3.55876e+06   1.94775e+06    1.2871e+06
          0.4   3.56183e+06   3.56183e+06   3.55638e+06   1.94301e+06     1.285e+06
         0.41   3.56183e+06   3.56183e+06   3.55291e+06     1.939e+06   1.28292e+06
         0.42   3.56183e+06   3.56183e+06   3.54844e+06   1.93555e+06   1.28086e+06
         0.43   3.56183e+06   3.56183e+06   3.54357e+06   1.93253e+06   1.27882e+06
         0.44   3.56183e+06   3.56183e+06   3.53884e+06   1.92981e+06   1.27681e+06
         0.45   3.56183e+06   3.56183e+06   3.52915e+06   1.92728e+06   1.27482e+06
         0.46   3.56183e+06   3.56183e+06   3.51172e+06   1.92484e+06   1.27284e+06
         0.47   3.56183e+06   3.56183e+06   3.48286e+06   1.92242e+06   1.27089e+06
         0.48   3.56183e+06   3.56183e+06   3.44591e+06   1.91998e+06   1.26896e+06
         0.49   3.56183e+06   3.56183e+06   3.41279e+06   1.91749e+06   1.26705e+06
          0.5   3.56183e+06   3.56183e+06   3.40506e+06   1.91492e+06   1.26518e+06
         0.51   3.56183e+06   3.56183e+06    3.3906e+06   1.91228e+06   1.26334e+06
         0.52   3.56183e+06   3.56183e+06   3.38515e+06   1.90956e+06   1.26151e+06
         0.53   3.56183e+06   3.56183e+06   3.38202e+06   1.90678e+06   1.25969e+06
         0.54   3.56183e+06   3.56183e+06   3.38317e+06   1.90394e+06   1.25787e+06
         0.55   3.56183e+06   3.56183e+06   3.36996e+06   1.90106e+06   1.25606e+06
         0.56   3.56183e+06   3.56183e+06   3.36594e+06   1.89815e+06   1.25427e+06
         0.57   3.56183e+06   3.56183e+06   3.34701e+06   1.89522e+06   1.25249e+06
         0.58   3.56183e+06   3.56183e+06   3.32602e+06   1.89228e+06   1.25073e+06
         0.59   3.56183e+06   3.56183e+06   3.29568e+06   1.88934e+06   1.24898e+06
          0.6   3.56183e+06   3.56183e+06   3.26125e+06   1.88641e+06   1.24724e+06
         0.61   3.56183e+06   3.56183e+06   3.22395e+06   1.88348e+06   1.24552e+06
         0.62   3.56183e+06   3.56183e+06   3.18746e+06   1.88058e+06   1.24381e+06
         0.63   3.56183e+06   3.56183e+06   3.15311e+06   1.87772e+06   1.24212e+06
         0.64   3.56183e+06   3.56183e+06   3.12069e+06   1.87489e+06   1.24043e+06
         0.65   3.56183e+06   3.56183e+06   3.08991e+06   1.87208e+06   1.23877e+06
         0.66   3.56183e+06   3.56183e+06   3.06133e+06   1.86929e+06   1.23711e+06
         0.67   3.56183e+06   3.56183e+06   3.03515e+06   1.86653e+06   1.23547e+06
         0.68   3.56183e+06   3.56183e+06   3.01086e+06   1.86379e+06   1.23384e+06
         0.69   3.56183e+06   3.56183e+06   2.98803e+06   1.86107e+06   1.23222e+06
          0.7   3.56183e+06   3.56183e+06   2.96662e+06   1.85838e+06   1.23061e+06
         0.71   3.56183e+06   3.56183e+06   2.94664e+06   1.85571e+06   1.22901e+06
         0.72   3.56183e+06   3.56183e+06   2.92797e+06   1.85306e+06   1.22742e+06
         0.73   3.56183e+06   3.56183e+06   2.91039e+06   1.85044e+06   1.22585e+06
         0.74   3.56183e+06   3.56183e+06   2.89383e+06   1.84784e+06   1.22428e+06
         0.75   3.56183e+06   3.56183e+06   2.87822e+06   1.84526e+06   1.22273e+06
         0.76   3.56183e+06   3.56183e+06   2.86352e+06   1.84267e+06   1.22119e+06
         0.77   3.56183e+06   3.56183e+06   2.84968e+06   1.84009e+06   1.21965e+06
         0.78   3.56183e+06   3.56183e+06   2.83666e+06    1.8375e+06   1.21813e+06
         0.79   3.56183e+06   3.56183e+06   2.82439e+06   1.83492e+06   1.21662e+06
          0.8   3.56183e+06   3.56183e+06   2.81282e+06   1.83236e+06   1.21511e+06
         0.81   3.56183e+06   3.56183e+06   2.80191e+06   1.82981e+06   1.21362e+06
         0.82   3.56183e+06   3.56183e+06   2.79164e+06   1.82728e+06   1.21214e+06
         0.83   3.56183e+06   3.56183e+06   2.78194e+06   1.82477e+06   1.21066e+06
         0.84   3.56183e+06   3.56183e+06   2.77276e+06    1.8223e+06   1.20918e+06
         0.85   3.56183e+06   3.56183e+06   2.76403e+06   1.81989e+06   1.20771e+06
         0.86   3.56183e+06   3.56183e+06   2.75573e+06   1.81752e+06   1.20623e+06
         0.87   3.56183e+06   3.56183e+06   2.74786e+06   1.81517e+06   1.20474e+06
         0.88   3.56183e+06   3.56183e+06   2.74042e+06   1.81282e+06   1.20326e+06
         0.89   3.56183e+06   3.56183e+06   2.73337e+06   1.81047e+06   1.20177e+06
          0.9   3.56183e+06   3.56183e+06   2.72673e+06    1.8081e+06   1.20029e+06
         0.91   3.56183e+06   3.56183e+06   2.72046e+06   1.80574e+06   1.19881e+06
         0.92   3.56183e+06   3.56183e+06   2.71455e+06   1.80341e+06   1.19735e+06
         0.93   3.56183e+06   3.56182e+06   2.70901e+06    1.8011e+06    1.1959e+06
         0.94   3.56183e+06   3.56182e+06   2.70379e+06   1.79882e+06   1.19448e+06
         0.95   3.56183e+06   3.56181e+06   2.69888e+06   1.79656e+06   1.19307e+06
         0.96   3.56183e+06    3.5618e+06   2.69422e+06   1.79432e+06   1.19167e+06
         0.97   3.56183e+06   3.56177e+06   2.68981e+06   1.79209e+06   1.19027e+06
         0.98   3.56183e+06   3.56174e+06   2.68562e+06   1.78988e+06   1.18886e+06
         0.99   3.56183e+06   3.56168e+06   2.68164e+06   1.78768e+06   1.18745e+06
            1   3.56183e+06   3.56159e+06   2.67788e+06   1.78551e+06   1.18605e+06
         1.01   3.56183e+06   3.56147e+06   2.67432e+06   1.78335e+06   1.18465e+06
         1.02   3.56183e+06   3.56129e+06   2.67093e+06   1.78122e+06   1.18327e+06
         1.03   3.56183e+06   3.56104e+06    2.6677e+06    1.7791e+06   1.18191e+06
         1.04   3.56183e+06    3.5607e+06   2.66463e+06   1.77701e+06   1.18055e+06
         1.05   3.56183e+06   3.56023e+06   2.66168e+06   1.77492e+06    1.1792e+06
         1.06   3.56183e+06   3.55963e+06   2.65884e+06   1.77285e+06   1.17785e+06
         1.07   3.56183e+06   3.55885e+06    2.6561e+06   1.77078e+06   1.17652e+06
         1.08   3.56183e+06   3.55788e+06   2.65344e+06   1.76873e+06   1.17519e+06
         1.09   3.56183e+06    3.5567e+06   2.65085e+06   1.76668e+06   1.17387e+06
          1.1   3.56183e+06   3.55531e+06   2.64831e+06   1.76464e+06   1.17256e+06
         1.11   3.56183e+06   3.55371e+06   2.64581e+06   1.76262e+06   1.17126e+06
         1.12   3.56183e+06   3.55196e+06   2.64334e+06   1.76061e+06   1.16997e+06
         1.13   3.56183e+06    3.5501e+06   2.64088e+06   1.75863e+06   1.16869e+06
         1.14   3.56183e+06    3.5482e+06   2.63842e+06   1.75666e+06   1.16742e+06
         1.15   3.56183e+06   3.54637e+06   2.63597e+06   1.75471e+06   1.16616e+06
         1.16   3.56183e+06    3.5447e+06   2.63352e+06   1.75277e+06    1.1649e+06
         1.17   3.56183e+06   3.54326e+06   2.63108e+06   1.75085e+06   1.16364e+06
         1.18   3.56183e+06   3.54207e+06   2.62863e+06   1.74893e+06   1.16239e+06
         1.19   3.56183e+06   3.54141e+06    2.6262e+06   1.74703e+06   1.16115e+06
          1.2   3.56183e+06   3.53959e+06   2.62376e+06   1.74513e+06   1.15991e+06
         1.21   3.56183e+06   3.53771e+06   2.62134e+06   1.74323e+06   1.15868e+06
         1.22   3.56183e+06   3.53557e+06   2.61894e+06   1.74135e+06   1.15747e+06
         1.23   3.56183e+06   3.53165e+06   2.61655e+06   1.73948e+06   1.15626e+06
         1.24   3.56183e+06   3.52706e+06   2.61417e+06   1.73763e+06   1.15506e+06
         1.25   3.56183e+06   3.52161e+06   2.61181e+06   1.73579e+06   1.15387e+06
         1.26   3.56183e+06   3.51516e+06   2.60945e+06   1.73397e+06   1.15269e+06
         1.27   3.56183e+06   3.50708e+06   2.60709e+06   1.73217e+06   1.15151e+06
         1.28   3.56183e+06   3.49751e+06   2.60475e+06   1.73038e+06   1.15034e+06
         1.29   3.56183e+06   3.48734e+06   2.60241e+06    1.7286e+06   1.14917e+06
          1.3   3.56183e+06   3.47692e+06   2.60008e+06   1.72684e+06     1.148e+06
         1.31   3.56183e+06    3.4659e+06   2.59776e+06   1.72508e+06   1.14684e+06
         1.32   3.56183e+06    3.4552e+06   2.59546e+06   1.72333e+06   1.14569e+06
         1.33   3.56183e+06   3.44555e+06   2.59317e+06   1.72159e+06   1.14455e+06
         1.34   3.56183e+06   3.43743e+06    2.5909e+06   1.71986e+06   1.14342e+06
         1.35   3.56183e+06   3.42993e+06   2.58864e+06   1.71814e+06   1.14229e+06
         1.36   3.56183e+06    3.4243e+06   2.58639e+06   1.71643e+06   1.14118e+06
         1.37   3.56183e+06   3.42036e+06   2.58416e+06   1.71473e+06   1.14007e+06
         1.38   3.56183e+06   3.41666e+06   2.58196e+06   1.71304e+06   1.13897e+06
         1.39   3.56183e+06    3.4146e+06   2.57976e+06   1.71137e+06   1.13788e+06
          1.4   3.56183e+06   3.41271e+06   2.57758e+06    1.7097e+06   1.13679e+06
         1.41   3.56183e+06   3.41077e+06    2.5754e+06   1.70805e+06   1.13571e+06
         1.42   3.56183e+06   3.40977e+06   2.57322e+06   1.70642e+06   1.13463e+06
         1.43   3.56183e+06   3.40911e+06   2.57105e+06   1.70479e+06   1.13356e+06
         1.44   3.56183e+06   3.40792e+06   2.56889e+06   1.70317e+06   1.13249e+06
         1.45   3.56183e+06   3.40704e+06   2.56673e+06   1.70156e+06   1.13143e+06
         1.46   3.56183e+06   3.40697e+06   2.56459e+06   1.69996e+06   1.13038e+06
         1.47   3.56183e+06   3.40274e+06   2.56246e+06   1.69837e+06   1.12934e+06
         1.48   3.56183e+06   3.40723e+06   2.56036e+06   1.69679e+06    1.1283e+06
         1.49   3.56183e+06   3.39837e+06   2.55826e+06   1.69521e+06   1.12727e+06
          1.5   3.56183e+06   3.40223e+06   2.55619e+06   1.69364e+06   1.12624e+06
         1.51   3.56183e+06   3.39334e+06   2.55413e+06   1.69208e+06   1.12523e+06
         1.52   3.56183e+06   3.39478e+06   2.55208e+06   1.69052e+06   1.12422e+06
         1.53   3.56183e+06   3.39623e+06   2.55004e+06   1.68898e+06   1.12321e+06
         1.54   3.56183e+06   3.38969e+06   2.54802e+06   1.68745e+06   1.12221e+06
         1.55   3.56183e+06   3.38644e+06   2.54601e+06   1.68593e+06   1.12121e+06
         1.56   3.56183e+06   3.39187e+06     2.544e+06   1.68442e+06   1.12022e+06
         1.57   3.56183e+06   3.38745e+06   2.54201e+06   1.68292e+06   1.11924e+06
         1.58   3.56183e+06   3.39143e+06   2.54003e+06   1.68143e+06   1.11825e+06
         1.59   3.56183e+06   3.38784e+06   2.53805e+06   1.67994e+06   1.11728e+06
          1.6   3.56183e+06   3.38557e+06   2.53608e+06   1.67847e+06    1.1163e+06
         1.61   3.56183e+06   3.38259e+06   2.53412e+06   1.67701e+06   1.11534e+06
         1.62   3.56183e+06   3.38586e+06   2.53217e+06   1.67555e+06   1.11437e+06
         1.63   3.56183e+06    3.3755e+06   2.53022e+06    1.6741e+06   1.11342e+06
         1.64   3.56183e+06   3.37969e+06   2.52828e+06   1.67266e+06   1.11247e+06
         1.65   3.56183e+06   3.37134e+06   2.52636e+06   1.67123e+06   1.11152e+06
         1.66   3.56183e+06   3.36799e+06   2.52444e+06   1.66981e+06   1.11058e+06
         1.67   3.56183e+06   3.37179e+06   2.52254e+06    1.6684e+06   1.10965e+06
         1.68   3.56183e+06    3.3584e+06   2.52065e+06   1.66699e+06   1.10872e+06
         1.69   3.56182e+06   3.35544e+06   2.51877e+06    1.6656e+06    1.1078e+06
          1.7   3.56182e+06   3.34804e+06    2.5169e+06   1.66421e+06   1.10688e+06
         1.71   3.56182e+06   3.34169e+06   2.51504e+06   1.66284e+06   1.10597e+06
         1.72   3.56181e+06    3.3373e+06   2.51319e+06   1.66147e+06   1.10506e+06
         1.73    3.5618e+06   3.33166e+06   2.51134e+06   1.66011e+06   1.10416e+06
         1.74   3.56179e+06   3.32393e+06    2.5095e+06   1.65875e+06   1.10326e+06
         1.75   3.56177e+06    3.3177e+06   2.50766e+06    1.6574e+06   1.10237e+06
         1.76   3.56174e+06   3.31163e+06   2.50583e+06   1.65605e+06   1.10149e+06
         1.77   3.56171e+06   3.30605e+06   2.50401e+06   1.65471e+06   1.10061e+06
         1.78   3.56166e+06   3.30164e+06   2.50221e+06   1.65338e+06   1.09973e+06
         1.79    3.5616e+06   3.29216e+06   2.50041e+06   1.65206e+06   1.09886e+06
          1.8   3.56152e+06   3.28606e+06   2.49862e+06   1.65074e+06     1.098e+06
         1.81   3.56142e+06   3.28258e+06   2.49685e+06   1.64943e+06   1.09714e+06
         1.82   3.56129e+06   3.27922e+06   2.49508e+06   1.64813e+06   1.09628e+06
         1.83   3.56112e+06   3.27349e+06   2.49332e+06   1.64684e+06   1.09543e+06
         1.84    3.5609e+06   3.26552e+06   2.49158e+06   1.64556e+06   1.09458e+06
         1.85   3.56063e+06   3.26244e+06   2.48984e+06   1.64428e+06   1.09374e+06
         1.86   3.56029e+06   3.26529e+06   2.48811e+06   1.64301e+06    1.0929e+06
         1.87   3.55987e+06   3.25035e+06   2.48639e+06   1.64175e+06   1.09207e+06
         1.88   3.55937e+06   3.24704e+06   2.48467e+06    1.6405e+06   1.09123e+06
         1.89   3.55876e+06   3.24714e+06   2.48297e+06   1.63925e+06   1.09041e+06
          1.9   3.55803e+06   3.23596e+06   2.48127e+06   1.63801e+06   1.08959e+06
         1.91   3.55718e+06   3.23324e+06   2.47958e+06   1.63678e+06   1.08877e+06
         1.92   3.55618e+06   3.23584e+06    2.4779e+06   1.63555e+06   1.08796e+06
         1.93   3.55502e+06   3.22265e+06   2.47623e+06   1.63432e+06   1.08716e+06
         1.94   3.55371e+06   3.22006e+06   2.47456e+06    1.6331e+06   1.08636e+06
         1.95   3.55223e+06   3.21978e+06    2.4729e+06   1.63188e+06   1.08557e+06
         1.96   3.55058e+06   3.21026e+06   2.47125e+06   1.63067e+06   1.08478e+06
         1.97   3.54876e+06   3.21337e+06   2.46961e+06   1.62946e+06   1.08399e+06
         1.98    3.5468e+06   3.20167e+06   2.46797e+06   1.62826e+06   1.08321e+06
         1.99   3.54471e+06   3.19897e+06   2.46634e+06   1.62707e+06   1.08243e+06
            2   3.54251e+06   3.19597e+06   2.46472e+06   1.62588e+06   1.08165e+06
         2.01    3.5409e+06   3.19043e+06    2.4631e+06   1.62471e+06   1.08088e+06
         2.02   3.53926e+06   3.19108e+06   2.46147e+06   1.62354e+06   1.08011e+06
         2.03   3.53764e+06    3.1822e+06   2.45983e+06   1.62238e+06   1.07934e+06
         2.04   3.53543e+06   3.18455e+06   2.45813e+06   1.62123e+06   1.07858e+06
         2.05   3.53392e+06    3.1745e+06   2.45635e+06   1.62009e+06   1.07782e+06
         2.06   3.53251e+06   3.17683e+06   2.45445e+06   1.61895e+06   1.07706e+06
         2.07   3.53122e+06    3.1674e+06   2.45237e+06   1.61783e+06   1.07631e+06
         2.08   3.52941e+06   3.16943e+06   2.45011e+06   1.61671e+06   1.07556e+06
         2.09   3.52835e+06   3.16076e+06   2.44767e+06    1.6156e+06   1.07482e+06
          2.1    3.5274e+06   3.16173e+06   2.44511e+06   1.61449e+06   1.07408e+06
         2.11   3.52587e+06   3.15428e+06   2.44246e+06    1.6134e+06   1.07334e+06
         2.12   3.52498e+06   3.15298e+06    2.4398e+06   1.61231e+06   1.07261e+06
         2.13   3.52341e+06   3.14811e+06   2.43716e+06   1.61122e+06   1.07189e+06
         2.14   3.52234e+06   3.14396e+06   2.43457e+06   1.61014e+06   1.07116e+06
         2.15   3.52106e+06    3.1471e+06   2.43204e+06   1.60907e+06   1.07044e+06
         2.16   3.51933e+06   3.13718e+06   2.42957e+06     1.608e+06   1.06971e+06
         2.17   3.51679e+06   3.13919e+06   2.42714e+06   1.60693e+06   1.06899e+06
         2.18   3.51486e+06   3.13167e+06   2.42477e+06   1.60587e+06   1.06827e+06
         2.19   3.51167e+06   3.13018e+06   2.42242e+06   1.60482e+06   1.06754e+06
          2.2   3.50837e+06   3.13151e+06    2.4201e+06   1.60377e+06   1.06682e+06
         2.21   3.50422e+06   3.12191e+06   2.41781e+06   1.60272e+06   1.06609e+06
         2.22   3.49916e+06   3.12399e+06   2.41553e+06   1.60169e+06   1.06537e+06
         2.23   3.49371e+06   3.11703e+06   2.41328e+06   1.60065e+06   1.06465e+06
         2.24   3.48721e+06   3.11445e+06   2.41106e+06   1.59962e+06   1.06394e+06
         2.25   3.48024e+06   3.11664e+06   2.40888e+06    1.5986e+06   1.06323e+06
         2.26   3.47217e+06   3.10766e+06   2.40672e+06   1.59759e+06   1.06254e+06
         2.27   3.46302e+06   3.10899e+06   2.40457e+06   1.59658e+06   1.06185e+06
         2.28   3.45344e+06   3.10334e+06   2.40244e+06   1.59557e+06   1.06118e+06
         2.29   3.44292e+06   3.09989e+06   2.40032e+06   1.59457e+06   1.06052e+06
          2.3   3.43217e+06   3.10226e+06    2.3982e+06   1.59358e+06   1.05988e+06
         2.31   3.42076e+06   3.09426e+06   2.39609e+06   1.59259e+06   1.05925e+06
         2.32   3.40888e+06    3.0953e+06   2.39399e+06   1.59161e+06   1.05863e+06
         2.33   3.39598e+06   3.09283e+06    2.3919e+06   1.59062e+06   1.05803e+06
         2.34   3.39349e+06   3.08662e+06   2.38984e+06   1.58963e+06   1.05743e+06
         2.35   3.39003e+06   3.08911e+06   2.38779e+06   1.58863e+06   1.05684e+06
         2.36   3.38266e+06   3.08178e+06   2.38575e+06   1.58761e+06   1.05625e+06
         2.37   3.38543e+06   3.08242e+06   2.38373e+06   1.58655e+06   1.05566e+06
         2.38   3.37417e+06   3.08237e+06   2.38173e+06   1.58546e+06   1.05508e+06
         2.39   3.37746e+06   3.07393e+06   2.37974e+06   1.58431e+06   1.05449e+06
          2.4   3.36682e+06     3.076e+06   2.37775e+06    1.5831e+06    1.0539e+06
         2.41   3.36977e+06   3.07013e+06   2.37576e+06   1.58184e+06    1.0533e+06
         2.42   3.36029e+06   3.06846e+06   2.37381e+06   1.58053e+06   1.05269e+06
         2.43   3.36232e+06   3.07017e+06   2.37188e+06   1.57918e+06   1.05207e+06
         2.44   3.35443e+06   3.06221e+06   2.36993e+06    1.5778e+06   1.05143e+06
         2.45   3.35565e+06   3.06412e+06   2.36795e+06   1.57641e+06   1.05076e+06
         2.46   3.34915e+06   3.06042e+06   2.36598e+06   1.57501e+06   1.05007e+06
         2.47   3.35018e+06   3.05642e+06   2.36407e+06   1.57362e+06   1.04934e+06
         2.48   3.34416e+06    3.0584e+06   2.36217e+06   1.57225e+06   1.04858e+06
         2.49   3.34588e+06    3.0511e+06   2.36025e+06   1.57088e+06   1.04777e+06
          2.5   3.33925e+06   3.05273e+06   2.35833e+06   1.56953e+06   1.04693e+06
         2.51   3.34218e+06    3.0516e+06    2.3565e+06   1.56819e+06   1.04606e+06
         2.52   3.33469e+06   3.04515e+06   2.35471e+06   1.56687e+06   1.04515e+06
         2.53   3.33958e+06   3.04675e+06   2.35285e+06   1.56555e+06   1.04423e+06
         2.54   3.33535e+06   3.04113e+06   2.35096e+06   1.56424e+06   1.04329e+06
         2.55   3.33762e+06   3.03997e+06   2.34912e+06   1.56295e+06   1.04233e+06
         2.56   3.33454e+06   3.04113e+06   2.34732e+06   1.56166e+06   1.04138e+06
         2.57   3.33117e+06   3.03439e+06   2.34543e+06   1.56038e+06   1.04042e+06
         2.58   3.33346e+06   3.03556e+06   2.34347e+06   1.55911e+06   1.03947e+06
         2.59   3.33027e+06    3.0354e+06   2.34166e+06   1.55785e+06   1.03851e+06
          2.6   3.32834e+06   3.02827e+06   2.34004e+06    1.5566e+06   1.03756e+06
         2.61    3.3285e+06   3.02991e+06   2.33836e+06   1.55535e+06   1.03662e+06
         2.62   3.32851e+06   3.02593e+06   2.33647e+06    1.5541e+06   1.03567e+06
         2.63    3.3263e+06   3.02292e+06   2.33455e+06   1.55286e+06   1.03474e+06
         2.64   3.32443e+06   3.02407e+06   2.33277e+06   1.55163e+06   1.03381e+06
         2.65   3.32711e+06   3.01893e+06   2.33099e+06    1.5504e+06   1.03289e+06
         2.66    3.3251e+06   3.01761e+06   2.32948e+06   1.54917e+06   1.03197e+06
         2.67   3.32315e+06   3.01852e+06   2.32741e+06   1.54796e+06   1.03107e+06
         2.68   3.32107e+06   3.01282e+06   2.32571e+06   1.54674e+06   1.03017e+06
         2.69   3.32375e+06   3.01347e+06   2.32413e+06   1.54554e+06   1.02928e+06
          2.7   3.32184e+06   3.01352e+06   2.32229e+06   1.54434e+06    1.0284e+06
         2.71    3.3196e+06   3.00657e+06   2.32048e+06   1.54314e+06   1.02752e+06
         2.72   3.31754e+06   3.00851e+06   2.31893e+06   1.54195e+06   1.02666e+06
         2.73    3.3201e+06   3.00813e+06    2.3174e+06   1.54076e+06    1.0258e+06
         2.74   3.31793e+06   3.00168e+06   2.31566e+06   1.53958e+06   1.02494e+06
         2.75   3.31559e+06   3.00378e+06   2.31381e+06    1.5384e+06    1.0241e+06
         2.76   3.31272e+06   2.99756e+06    2.3122e+06   1.53723e+06   1.02326e+06
         2.77   3.31594e+06   2.99902e+06   2.31031e+06   1.53605e+06   1.02243e+06
         2.78   3.31342e+06     2.999e+06   2.30888e+06   1.53489e+06   1.02161e+06
         2.79   3.31168e+06   2.99237e+06   2.30739e+06   1.53372e+06    1.0208e+06
          2.8   3.30719e+06     2.994e+06   2.30561e+06   1.53257e+06   1.01999e+06
         2.81   3.31155e+06   2.98902e+06   2.30402e+06   1.53142e+06   1.01919e+06
         2.82   3.30897e+06   2.98954e+06   2.30232e+06   1.53027e+06   1.01839e+06
         2.83   3.30564e+06   2.98945e+06   2.30071e+06   1.52914e+06    1.0176e+06
         2.84   3.30889e+06   2.98352e+06   2.29892e+06   1.52801e+06   1.01682e+06
         2.85   3.30664e+06   2.98484e+06   2.29734e+06   1.52689e+06   1.01604e+06
         2.86   3.30425e+06   2.98472e+06   2.29582e+06   1.52577e+06   1.01526e+06
         2.87   3.30649e+06   2.97843e+06   2.29413e+06   1.52466e+06    1.0145e+06
         2.88   3.30376e+06   2.97977e+06   2.29282e+06   1.52355e+06   1.01373e+06
         2.89   3.30172e+06    2.9753e+06   2.29108e+06   1.52244e+06   1.01298e+06
          2.9   3.29659e+06   2.97577e+06   2.28954e+06   1.52134e+06   1.01223e+06
         2.91   3.30144e+06   2.97565e+06   2.28792e+06   1.52025e+06   1.01149e+06
         2.92   3.29869e+06   2.96986e+06   2.28643e+06   1.51917e+06   1.01075e+06
         2.93   3.29495e+06   2.97133e+06   2.28484e+06   1.51809e+06   1.01002e+06
         2.94   3.29834e+06   2.97082e+06   2.28303e+06   1.51702e+06   1.00929e+06
         2.95   3.29593e+06   2.96518e+06   2.28121e+06   1.51596e+06   1.00857e+06
         2.96   3.29336e+06   2.96629e+06   2.27986e+06   1.51489e+06   1.00785e+06
         2.97   3.29531e+06    2.9654e+06   2.27868e+06   1.51384e+06   1.00713e+06
         2.98   3.29272e+06   2.96059e+06   2.27748e+06   1.51279e+06   1.00642e+06
         2.99   3.28996e+06   2.96161e+06   2.27605e+06   1.51174e+06   1.00571e+06
            3   3.29174e+06    2.9571e+06   2.27357e+06   1.51071e+06   1.00501e+06
         3.01   3.28894e+06    2.9566e+06   2.27183e+06   1.50968e+06   1.00432e+06
         3.02   3.28504e+06     2.957e+06   2.27085e+06   1.50866e+06   1.00363e+06
         3.03   3.28789e+06   2.95212e+06   2.26958e+06   1.50766e+06   1.00295e+06
         3.04   3.28426e+06   2.95229e+06    2.2677e+06   1.50665e+06   1.00228e+06
         3.05   3.27865e+06   2.95205e+06   2.26636e+06   1.50566e+06   1.00161e+06
         3.06   3.28287e+06   2.94739e+06   2.26652e+06   1.50467e+06   1.00094e+06
         3.07   3.27943e+06   2.94607e+06   2.26325e+06   1.50369e+06   1.00029e+06
         3.08   3.27683e+06   2.94687e+06   2.26186e+06   1.50271e+06        999646
         3.09   3.27705e+06   2.94646e+06   2.26017e+06   1.50175e+06        999010
          3.1   3.27065e+06   2.94048e+06   2.25897e+06   1.50079e+06        998384
         3.11   3.27423e+06   2.94174e+06    2.2582e+06   1.49984e+06        997767
         3.12    3.2703e+06   2.94133e+06   2.25649e+06    1.4989e+06        997158
         3.13   3.27139e+06   2.93545e+06    2.2545e+06   1.49796e+06        996556
         3.14   3.26672e+06   2.93698e+06   2.25325e+06   1.49702e+06        995961
         3.15    3.2676e+06    2.9366e+06   2.25148e+06   1.49609e+06        995372
         3.16   3.26227e+06     2.931e+06    2.2499e+06   1.49516e+06        994787
         3.17   3.26137e+06   2.93209e+06   2.24846e+06   1.49425e+06        994209
         3.18     3.257e+06   2.92769e+06   2.24748e+06   1.49334e+06        993635
         3.19   3.25749e+06   2.92725e+06   2.24625e+06   1.49245e+06        993066
          3.2   3.24998e+06   2.92753e+06   2.24541e+06   1.49156e+06        992499
         3.21   3.25125e+06   2.92226e+06   2.24291e+06   1.49068e+06        991933
         3.22   3.24216e+06   2.92311e+06   2.24157e+06   1.48979e+06        991368
         3.23   3.24483e+06   2.92278e+06   2.24006e+06   1.48891e+06        990803
         3.24   3.23473e+06   2.91727e+06   2.23892e+06   1.48803e+06        990240
         3.25   3.23827e+06   2.91856e+06   2.23973e+06   1.48716e+06        989680
         3.26   3.22715e+06   2.91819e+06   2.23576e+06    1.4863e+06        989124
         3.27   3.23071e+06   2.91257e+06   2.23432e+06   1.48545e+06        988573
         3.28   3.21919e+06   2.91348e+06   2.23335e+06   1.48462e+06        988026
         3.29   3.22296e+06   2.91184e+06   2.23239e+06   1.48379e+06        987480
          3.3   3.21085e+06   2.90763e+06   2.23112e+06   1.48297e+06        986937
         3.31   3.20845e+06   2.90839e+06   2.22996e+06   1.48215e+06        986395
         3.32   3.20238e+06   2.90738e+06   2.22753e+06   1.48133e+06        985856
         3.33   3.19879e+06   2.90225e+06   2.22619e+06   1.48053e+06        985322
         3.34   3.19636e+06   2.90333e+06   2.22501e+06   1.47972e+06        984796
         3.35    3.1884e+06   2.90272e+06   2.22416e+06   1.47893e+06        984277
         3.36   3.19028e+06   2.89684e+06    2.2223e+06   1.47813e+06        983767
         3.37   3.17767e+06   2.89787e+06   2.22096e+06   1.47735e+06        983262
         3.38   3.17402e+06   2.89723e+06   2.22004e+06   1.47657e+06        982762
         3.39   3.17376e+06    2.8915e+06   2.21951e+06    1.4758e+06        982266
          3.4   3.16219e+06   2.89241e+06   2.21705e+06   1.47504e+06        981775
         3.41   3.15828e+06   2.89178e+06    2.2153e+06   1.47428e+06        981288
         3.42   3.15857e+06   2.88616e+06   2.21431e+06   1.47353e+06        980806
         3.43   3.14583e+06    2.8868e+06   2.21319e+06   1.47278e+06        980328
         3.44   3.14152e+06   2.88615e+06   2.21206e+06   1.47203e+06        979853
         3.45   3.13709e+06   2.88076e+06   2.21098e+06   1.47128e+06        979383
         3.46   3.13312e+06   2.88125e+06   2.20897e+06   1.47054e+06        978918
         3.47    3.1238e+06   2.88065e+06   2.20785e+06   1.46982e+06        978457
         3.48   3.11927e+06   2.87525e+06    2.2092e+06    1.4691e+06        978001
         3.49   3.11463e+06    2.8755e+06   2.20447e+06   1.46839e+06        977549
          3.5   3.11324e+06   2.87484e+06    2.2039e+06   1.46769e+06        977099
         3.51   3.10132e+06   2.86965e+06    2.2034e+06   1.46698e+06        976652
         3.52   3.09654e+06   2.86889e+06   2.20166e+06   1.46628e+06        976207
         3.53   3.09206e+06   2.86883e+06   2.20015e+06   1.46558e+06        975766
         3.54   3.09249e+06   2.86397e+06   2.19921e+06   1.46489e+06        975329
         3.55   3.07968e+06   2.86223e+06   2.19804e+06   1.46421e+06        974899
         3.56   3.07488e+06   2.86243e+06   2.19598e+06   1.46353e+06        974476
         3.57   3.07079e+06   2.86006e+06   2.19563e+06   1.46284e+06        974058
         3.58   3.06883e+06   2.85567e+06   2.19726e+06   1.46214e+06        973645
         3.59   3.05854e+06   2.85623e+06   2.19234e+06   1.46144e+06        973235
          3.6   3.05456e+06   2.85532e+06   2.19143e+06   1.46076e+06        972829
         3.61   3.05476e+06    2.8493e+06   2.19059e+06    1.4601e+06        972427
         3.62   3.04301e+06   2.84956e+06   2.18909e+06   1.45946e+06        972031
         3.63   3.03915e+06   2.84863e+06   2.18789e+06   1.45882e+06        971640
         3.64   3.03945e+06   2.84302e+06   2.18669e+06   1.45819e+06        971250
         3.65   3.02818e+06   2.84261e+06   2.18725e+06   1.45755e+06        970860
         3.66    3.0248e+06   2.84201e+06   2.18362e+06   1.45689e+06        970468
         3.67   3.02306e+06   2.83673e+06   2.18249e+06   1.45623e+06        970079
         3.68   3.01435e+06   2.83505e+06   2.18203e+06   1.45558e+06        969696
         3.69   3.01614e+06   2.83506e+06   2.18135e+06   1.45495e+06        969323
          3.7    3.0048e+06   2.83043e+06   2.17894e+06   1.45432e+06        968960
         3.71   3.00176e+06   2.82794e+06   2.17811e+06   1.45371e+06        968603
         3.72    2.9973e+06   2.82841e+06   2.17715e+06   1.45309e+06        968248
         3.73   2.99242e+06   2.82719e+06   2.17658e+06   1.45246e+06        967889
         3.74   2.99153e+06   2.82108e+06    2.1744e+06   1.45184e+06        967526
         3.75   2.98353e+06   2.82118e+06   2.17329e+06   1.45123e+06        967161
         3.76    2.9834e+06   2.82007e+06   2.17302e+06   1.45064e+06        966798
         3.77   2.97501e+06   2.81476e+06   2.17141e+06   1.45006e+06        966441
         3.78   2.97544e+06    2.8125e+06   2.16949e+06   1.44947e+06        966089
         3.79   2.96686e+06   2.81204e+06    2.1688e+06   1.44885e+06        965739
          3.8   2.96725e+06   2.81088e+06   2.16869e+06   1.44822e+06        965388
         3.81   2.95903e+06   2.80853e+06   2.16613e+06    1.4476e+06        965036
         3.82   2.95899e+06   2.80346e+06   2.16552e+06   1.44699e+06        964684
         3.83   2.95148e+06   2.80253e+06   2.16366e+06   1.44638e+06        964338
         3.84   2.95068e+06   2.80196e+06   2.16283e+06   1.44578e+06        963999
         3.85   2.94418e+06   2.80017e+06   2.16435e+06   1.44517e+06        963661
         3.86   2.94197e+06   2.79498e+06   2.16009e+06   1.44456e+06        963320
         3.87   2.93715e+06   2.79478e+06   2.15934e+06   1.44396e+06        962971
         3.88   2.93325e+06   2.79367e+06   2.15861e+06   1.44337e+06        962616
         3.89   2.93425e+06   2.79059e+06   2.15699e+06   1.44278e+06        962261
          3.9   2.92565e+06   2.78682e+06    2.1561e+06   1.44219e+06        961910
         3.91   2.92628e+06   2.78679e+06   2.15599e+06    1.4416e+06        961562
         3.92   2.91895e+06   2.78547e+06   2.15338e+06     1.441e+06        961214
         3.93   2.91743e+06   2.78118e+06   2.15287e+06   1.44037e+06        960866
         3.94   2.91519e+06   2.77909e+06   2.15234e+06   1.43967e+06        960521
         3.95   2.90859e+06   2.77903e+06   2.15011e+06   1.43893e+06        960179
         3.96   2.90901e+06   2.77806e+06   2.14902e+06   1.43825e+06        959842
         3.97   2.90226e+06   2.77345e+06   2.14869e+06   1.43768e+06        959507
         3.98   2.90054e+06   2.77212e+06   2.14701e+06   1.43718e+06        959170
         3.99   2.90015e+06   2.77206e+06   2.14546e+06   1.43666e+06        958830
            4   2.89234e+06   2.77085e+06   2.14584e+06   1.43606e+06        958477
         4.01   2.89257e+06   2.76623e+06   2.14307e+06   1.43541e+06        958098
         4.02   2.88656e+06    2.7654e+06   2.14203e+06   1.43477e+06        957690
         4.03   2.88355e+06   2.76492e+06   2.14467e+06   1.43421e+06        957267
         4.04   2.88386e+06   2.76374e+06   2.13974e+06    1.4337e+06        956856
         4.05   2.87694e+06    2.7622e+06   2.13895e+06   1.43313e+06        956470
         4.06   2.87652e+06   2.75774e+06   2.14001e+06   1.43241e+06        956099
         4.07   2.87524e+06   2.75702e+06   2.13676e+06   1.43159e+06        955713
         4.08   2.86789e+06   2.75645e+06    2.1355e+06   1.43082e+06        955295
         4.09   2.86806e+06   2.75533e+06   2.13476e+06   1.43017e+06        954850
          4.1    2.8625e+06   2.75177e+06   2.13581e+06   1.42965e+06        954402
         4.11   2.85955e+06   2.74967e+06     2.132e+06   1.42927e+06        953967
         4.12    2.8597e+06   2.74961e+06   2.13107e+06   1.42886e+06        953531
         4.13   2.85358e+06   2.74851e+06   2.13192e+06   1.42817e+06        953060
         4.14   2.85188e+06    2.7474e+06   2.12873e+06   1.42735e+06        952532
         4.15   2.85101e+06   2.74342e+06   2.12745e+06   1.42673e+06        951967
         4.16   2.84524e+06   2.74175e+06   2.12969e+06    1.4262e+06        951411
         4.17   2.84285e+06   2.74165e+06   2.12522e+06   1.42539e+06        950903
         4.18   2.84267e+06   2.74055e+06   2.12481e+06   1.42435e+06        950456
         4.19   2.83709e+06   2.73935e+06   2.12295e+06   1.42344e+06        950046
          4.2   2.83428e+06   2.73752e+06   2.12221e+06   1.42293e+06        949606
         4.21   2.83413e+06   2.73387e+06   2.12376e+06   1.42278e+06        949102
         4.22   2.83053e+06   2.73267e+06   2.11957e+06   1.42263e+06        948575
         4.23   2.82606e+06    2.7322e+06    2.1189e+06   1.42209e+06        948069
         4.24   2.82585e+06   2.73128e+06   2.11965e+06   1.42006e+06        947548
         4.25   2.82435e+06   2.73005e+06   2.11615e+06   1.41865e+06        946956
         4.26   2.81803e+06   2.72647e+06   2.11547e+06   1.41794e+06        946323
         4.27   2.81765e+06   2.72439e+06   2.11637e+06   1.41745e+06        945757
         4.28   2.81624e+06   2.72342e+06    2.1129e+06   1.41709e+06        945337
         4.29   2.81023e+06   2.72286e+06   2.11167e+06   1.41684e+06        945036
          4.3   2.80988e+06   2.72167e+06   2.11427e+06   1.41674e+06        944688
         4.31   2.80847e+06   2.72065e+06   2.10941e+06    1.4166e+06        944067
         4.32    2.8026e+06   2.71653e+06   2.10795e+06   1.41588e+06        943226
         4.33    2.8016e+06   2.71484e+06   2.10767e+06   1.41463e+06        942437
         4.34   2.80055e+06   2.71402e+06   2.10716e+06   1.41351e+06        941842
         4.35   2.79514e+06   2.71317e+06   2.10452e+06   1.41281e+06        941413
         4.36   2.79327e+06   2.71185e+06   2.10393e+06   1.41251e+06        941097
         4.37   2.79267e+06   2.71082e+06   2.10545e+06   1.41334e+06        940865
         4.38   2.78782e+06   2.70674e+06   2.10131e+06   1.41129e+06        940666
         4.39    2.7854e+06   2.70488e+06   2.10028e+06   1.40994e+06        940379
          4.4   2.78522e+06   2.70376e+06   2.10181e+06    1.4088e+06        939903
         4.41    2.7831e+06     2.703e+06   2.09777e+06   1.40758e+06        939292
         4.42   2.77782e+06   2.70184e+06   2.09655e+06   1.40683e+06        938705
         4.43   2.77718e+06   2.70043e+06   2.09811e+06   1.40648e+06        938286
         4.44   2.77568e+06   2.69772e+06   2.09367e+06   1.40646e+06        938047
         4.45    2.7718e+06    2.6945e+06   2.09533e+06   1.40778e+06        937679
         4.46   2.76817e+06   2.69287e+06   2.09109e+06   1.40485e+06        936992
         4.47   2.76769e+06   2.69233e+06   2.09083e+06   1.40383e+06        936161
         4.48   2.76589e+06   2.69081e+06   2.08906e+06   1.40274e+06        935325
         4.49   2.76115e+06   2.68928e+06     2.088e+06   1.40221e+06        934561
          4.5   2.75873e+06   2.68795e+06   2.08948e+06   1.40224e+06        933950
         4.51    2.7583e+06    2.6835e+06   2.08508e+06   1.40687e+06        933587
         4.52   2.75652e+06    2.6814e+06   2.08446e+06   1.39774e+06        933368
         4.53   2.75162e+06    2.6798e+06   2.08349e+06   1.39688e+06        932839
         4.54   2.74942e+06   2.67903e+06   2.08145e+06   1.39661e+06        932003
         4.55   2.74875e+06   2.67736e+06   2.08066e+06   1.39655e+06        931155
         4.56   2.74723e+06   2.67563e+06   2.07927e+06   1.39659e+06        930503
         4.57   2.74223e+06   2.67358e+06   2.07754e+06   1.39712e+06        930447
         4.58   2.74027e+06    2.6693e+06   2.07668e+06   1.39787e+06        930362
         4.59   2.73955e+06   2.66714e+06   2.07608e+06   1.39488e+06        929011
          4.6   2.73804e+06   2.66553e+06   2.07343e+06   1.39282e+06        927589
         4.61   2.73298e+06    2.6645e+06   2.07259e+06   1.39239e+06        926838
         4.62   2.73117e+06   2.66268e+06   2.07406e+06   1.39251e+06        926483
         4.63   2.73043e+06   2.66085e+06    2.0693e+06    1.3928e+06        926281
         4.64   2.72889e+06   2.65635e+06   2.06832e+06   1.39255e+06        926203
         4.65   2.72382e+06   2.65389e+06   2.06932e+06   1.39155e+06        926111
         4.66   2.72207e+06   2.65164e+06   2.06575e+06   1.39628e+06        925556
         4.67   2.72128e+06   2.64973e+06   2.06391e+06   1.38892e+06        924527
         4.68   2.71973e+06   2.64859e+06   2.06319e+06   1.38606e+06        923566
         4.69   2.71479e+06   2.64662e+06   2.06396e+06    1.3862e+06        923012
          4.7   2.71303e+06    2.6446e+06   2.05981e+06   1.38569e+06        922795
         4.71   2.71225e+06   2.63987e+06   2.05865e+06   1.38459e+06        922674
         4.72   2.71045e+06    2.6373e+06     2.061e+06    1.3837e+06        922786
         4.73   2.70832e+06   2.63506e+06   2.05643e+06   1.38323e+06        923016
         4.74   2.70359e+06   2.63384e+06   2.05376e+06    1.3836e+06        921448
         4.75   2.70178e+06   2.63188e+06   2.05411e+06   1.38316e+06        919767
         4.76   2.70089e+06   2.62989e+06   2.05361e+06   1.37992e+06        919135
         4.77   2.69913e+06   2.62481e+06   2.05019e+06   1.38324e+06        918956
         4.78    2.6973e+06   2.62253e+06   2.04967e+06     1.379e+06        918698
         4.79   2.69255e+06   2.62148e+06   2.05113e+06   1.37709e+06        918288
          4.8   2.69049e+06   2.61973e+06   2.04733e+06   1.37676e+06        917920
         4.81   2.68961e+06   2.61481e+06   2.04505e+06   1.37699e+06        917884
         4.82   2.68782e+06   2.61205e+06   2.04486e+06   1.37797e+06        917736
         4.83   2.68602e+06   2.60963e+06   2.04321e+06    1.3783e+06        917027
         4.84   2.68166e+06   2.60779e+06   2.04117e+06   1.37632e+06        916570
         4.85   2.67939e+06   2.60609e+06   2.04071e+06   1.37482e+06        916039
         4.86   2.67791e+06   2.60397e+06   2.03927e+06   1.38446e+06        915018
         4.87   2.67661e+06   2.59918e+06   2.03703e+06   1.37147e+06        914039
         4.88    2.6748e+06   2.59637e+06   2.03628e+06    1.3693e+06        913502
         4.89   2.67319e+06   2.59392e+06   2.03653e+06   1.36965e+06        913408
          4.9   2.66849e+06   2.59197e+06   2.03291e+06   1.37011e+06        913439
         4.91   2.66653e+06    2.5904e+06   2.03252e+06   1.37516e+06        913251
         4.92    2.6656e+06   2.58802e+06   2.03296e+06   1.36661e+06        913804
         4.93   2.66379e+06    2.5834e+06   2.02901e+06   1.36563e+06        912750
         4.94   2.66196e+06   2.58058e+06   2.02844e+06   1.36586e+06        910210
         4.95   2.65895e+06   2.57799e+06   2.02973e+06   1.36777e+06        909012
         4.96   2.65552e+06   2.57573e+06   2.02537e+06   1.36547e+06        908710
         4.97   2.65376e+06   2.57427e+06   2.02445e+06   1.36201e+06        908879
         4.98   2.65279e+06    2.5721e+06   2.02662e+06    1.3616e+06        909165
         4.99   2.65099e+06   2.56943e+06    2.0218e+06   1.36263e+06        908545
            5   2.64916e+06   2.56493e+06   2.02051e+06   1.36621e+06        907235
         5.01   2.64487e+06   2.56226e+06   2.02371e+06   1.35842e+06        906369
         5.02   2.64269e+06   2.55984e+06   2.01814e+06   1.35813e+06        906399
         5.03   2.64104e+06   2.55794e+06   2.01654e+06   1.35832e+06        906333
         5.04   2.63976e+06   2.55609e+06   2.02113e+06   1.36191e+06        905342
         5.05   2.63816e+06   2.55388e+06    2.0139e+06   1.35809e+06        904459
         5.06    2.6363e+06   2.54972e+06   2.01456e+06   1.35384e+06        905101
         5.07   2.63208e+06   2.54675e+06   2.01401e+06   1.35374e+06        904232
         5.08    2.6299e+06   2.54419e+06   2.01191e+06     1.354e+06        902291
         5.09   2.62831e+06   2.54189e+06   2.00966e+06   1.36333e+06        901425
          5.1   2.62697e+06   2.53994e+06   2.00893e+06   1.35155e+06        901442
         5.11   2.62535e+06   2.53806e+06   2.01025e+06   1.34893e+06        902246
         5.12   2.62323e+06   2.53603e+06   2.00586e+06   1.34895e+06        901529
         5.13   2.62137e+06   2.53378e+06   2.00517e+06   1.34987e+06        899645
         5.14   2.61926e+06   2.52922e+06   2.00803e+06   1.35513e+06        898549
         5.15     2.616e+06   2.52661e+06   2.00207e+06   1.34526e+06        898529
         5.16   2.61301e+06   2.52414e+06   2.00161e+06   1.34488e+06        899209
         5.17   2.61089e+06   2.52185e+06   2.00166e+06     1.346e+06        898294
         5.18   2.60887e+06   2.51987e+06   1.99936e+06   1.35294e+06        896586
         5.19   2.60698e+06   2.51824e+06   2.00094e+06   1.34273e+06        895768
          5.2   2.60526e+06   2.51602e+06   1.99657e+06    1.3422e+06        896331
         5.21   2.60374e+06   2.51375e+06   1.99581e+06    1.3451e+06        896354
         5.22   2.60188e+06   2.51167e+06   1.99555e+06    1.3436e+06        894568
         5.23   2.59978e+06   2.50754e+06   1.99314e+06   1.33841e+06        893343
         5.24   2.59792e+06    2.5048e+06   1.99285e+06   1.33846e+06        893595
         5.25   2.59606e+06   2.50235e+06   1.99178e+06   1.34168e+06        893842
         5.26    2.5939e+06   2.50004e+06   1.98975e+06   1.34014e+06        892427
         5.27   2.59175e+06   2.49782e+06   1.99028e+06   1.33457e+06        891453
         5.28   2.58785e+06   2.49576e+06   1.98766e+06   1.33483e+06        892153
         5.29   2.58574e+06   2.49383e+06   1.98599e+06   1.33737e+06        891295
          5.3   2.58366e+06   2.49185e+06   1.98828e+06   1.33809e+06        889379
         5.31   2.58167e+06   2.48949e+06   1.98345e+06   1.33135e+06        888819
         5.32   2.57974e+06   2.48727e+06   1.98206e+06   1.33131e+06        889886
         5.33   2.57797e+06   2.48525e+06   1.98492e+06   1.33251e+06        889051
         5.34   2.57644e+06   2.48299e+06   1.97926e+06   1.34161e+06        887030
         5.35   2.57457e+06    2.4807e+06   1.97824e+06   1.32789e+06        886334
         5.36   2.57243e+06   2.47848e+06   1.98123e+06   1.32731e+06        887399
         5.37   2.57056e+06   2.47651e+06   1.97516e+06   1.32789e+06        886812
         5.38   2.56866e+06   2.47291e+06   1.97421e+06   1.34076e+06        884802
         5.39   2.56673e+06   2.47018e+06   1.97788e+06    1.3256e+06        884018
          5.4   2.56459e+06   2.46799e+06   1.97122e+06   1.32349e+06        885359
         5.41   2.56266e+06   2.46596e+06    1.9703e+06   1.32409e+06        884793
         5.42   2.56048e+06    2.4642e+06   1.97415e+06    1.3324e+06        882415
         5.43   2.55695e+06    2.4624e+06   1.96753e+06    1.3248e+06        881440
         5.44    2.5546e+06   2.46038e+06   1.96625e+06   1.32008e+06        882377
         5.45   2.55251e+06   2.45837e+06   1.97014e+06   1.32027e+06        883102
         5.46   2.55049e+06   2.45636e+06   1.96399e+06   1.32208e+06        880721
         5.47   2.54847e+06   2.45412e+06   1.96212e+06   1.32832e+06        879180
         5.48   2.54656e+06    2.4519e+06   1.96511e+06   1.31655e+06        879550
         5.49   2.54463e+06   2.44967e+06   1.96064e+06   1.31623e+06        881046
          5.5   2.54287e+06   2.44763e+06   1.95787e+06   1.31704e+06        879132
         5.51   2.54126e+06   2.44539e+06   1.95777e+06   1.33012e+06        877199
         5.52   2.53934e+06   2.44313e+06   1.95855e+06   1.31467e+06        877034
         5.53   2.53717e+06   2.44087e+06   1.95355e+06    1.3125e+06        878965
         5.54   2.53524e+06   2.43862e+06   1.95274e+06   1.31305e+06        877573
         5.55   2.53334e+06   2.43633e+06   1.95566e+06   1.31632e+06        875191
         5.56   2.53139e+06   2.43433e+06   1.94975e+06   1.31831e+06        874553
         5.57   2.52943e+06   2.43208e+06   1.94803e+06    1.3091e+06        876243
         5.58   2.52728e+06   2.42986e+06   1.95052e+06   1.30926e+06        876318
         5.59   2.52533e+06   2.42765e+06   1.94717e+06   1.31041e+06        873491
          5.6    2.5234e+06   2.42542e+06   1.94345e+06    1.3219e+06        872289
         5.61   2.52144e+06   2.42291e+06    1.9422e+06   1.30683e+06        872991
         5.62    2.5195e+06   2.42064e+06   1.94606e+06    1.3062e+06        874928
         5.63    2.5166e+06   2.41842e+06   1.93958e+06   1.30636e+06        872239
         5.64   2.51358e+06   2.41623e+06   1.93723e+06   1.30547e+06        870147
         5.65   2.51153e+06   2.41407e+06   1.93671e+06   1.31702e+06        870056
         5.66   2.50948e+06   2.41193e+06   1.93929e+06   1.30237e+06        872371
         5.67   2.50746e+06    2.4098e+06   1.93276e+06   1.30004e+06        871196
         5.68   2.50545e+06   2.40771e+06   1.93128e+06   1.30389e+06        868536
         5.69   2.50345e+06   2.40562e+06   1.93295e+06    1.3028e+06        867938
          5.7   2.50146e+06   2.40356e+06   1.93232e+06   1.29926e+06        868935
         5.71   2.49948e+06   2.40151e+06   1.92608e+06   1.30064e+06        870943
         5.72   2.49751e+06   2.39949e+06   1.92479e+06   1.30792e+06        867443
         5.73   2.49556e+06   2.39785e+06   1.93005e+06   1.29935e+06        865221
         5.74   2.49363e+06   2.39679e+06    1.9222e+06   1.29759e+06        865129
         5.75   2.49171e+06    2.3948e+06   1.92067e+06   1.29505e+06        866896
         5.76   2.48981e+06   2.39284e+06   1.91965e+06   1.29375e+06        865766
         5.77   2.48812e+06    2.3909e+06   1.91685e+06   1.30642e+06        864389
         5.78   2.48616e+06   2.38894e+06   1.92086e+06   1.29472e+06        866562
         5.79    2.4842e+06   2.38638e+06   1.91426e+06   1.29564e+06        864803
          5.8   2.48203e+06   2.38398e+06   1.91122e+06   1.29373e+06        862214
         5.81   2.48003e+06   2.38176e+06   1.91165e+06   1.29013e+06        861994
         5.82   2.47805e+06   2.37931e+06   1.91372e+06   1.29005e+06        863032
         5.83   2.47604e+06   2.37729e+06   1.90499e+06   1.29002e+06        864735
         5.84   2.47406e+06   2.37505e+06   1.90548e+06   1.29873e+06        860491
         5.85   2.47206e+06   2.37304e+06   1.90887e+06   1.28811e+06        858623
         5.86   2.47008e+06   2.37104e+06   1.90127e+06   1.28433e+06        859657
         5.87   2.46807e+06   2.36901e+06   1.90107e+06   1.28496e+06        859969
         5.88    2.4661e+06   2.36702e+06   1.90351e+06   1.29397e+06        859528
         5.89   2.46413e+06     2.365e+06   1.89758e+06   1.28347e+06        862320
          5.9   2.46213e+06     2.363e+06   1.89481e+06   1.29114e+06        857704
         5.91   2.46015e+06     2.361e+06   1.89693e+06   1.28266e+06        855417
         5.92   2.45815e+06   2.35901e+06   1.89527e+06   1.28262e+06        855307
         5.93   2.45613e+06   2.35703e+06   1.88959e+06   1.28501e+06        855916
         5.94   2.45412e+06   2.35504e+06   1.89109e+06   1.28304e+06        858698
         5.95   2.45214e+06   2.35305e+06   1.88847e+06   1.27874e+06        855205
         5.96   2.45017e+06   2.35107e+06    1.8843e+06   1.27724e+06        852779
         5.97   2.44818e+06   2.34929e+06   1.88926e+06   1.27982e+06        853326
         5.98   2.44616e+06   2.34773e+06   1.88143e+06   1.28214e+06        855008
         5.99   2.44416e+06   2.34613e+06    1.8791e+06   1.27467e+06        855452
            6   2.44215e+06   2.34415e+06   1.88356e+06   1.27266e+06        851210
         6.01    2.4401e+06   2.34236e+06   1.87833e+06    1.2719e+06        850984
         6.02   2.43811e+06   2.34088e+06   1.87404e+06   1.27542e+06        852886
         6.03   2.43608e+06   2.33887e+06   1.87333e+06   1.28265e+06        850377
         6.04    2.4341e+06   2.33683e+06   1.87718e+06   1.27188e+06        849266
         6.05   2.43207e+06   2.33482e+06   1.86973e+06   1.26683e+06        851154
         6.06   2.43005e+06   2.33283e+06   1.86777e+06   1.26512e+06        850525
         6.07   2.42801e+06   2.33101e+06   1.86978e+06   1.26467e+06        847020
         6.08   2.42599e+06   2.32904e+06   1.86924e+06   1.26471e+06        846734
         6.09   2.42398e+06   2.32702e+06   1.86277e+06   1.27542e+06        846615
          6.1   2.42197e+06   2.32498e+06   1.86143e+06   1.27192e+06        847119
         6.11   2.41997e+06   2.32294e+06   1.86506e+06   1.26165e+06        848154
         6.12   2.41797e+06   2.32091e+06   1.85936e+06   1.25889e+06        844534
         6.13   2.41597e+06   2.31889e+06   1.85627e+06   1.25834e+06        843362
         6.14   2.41397e+06   2.31704e+06   1.85611e+06   1.25827e+06        842976
         6.15   2.41194e+06     2.315e+06   1.85756e+06   1.26488e+06        842726
         6.16   2.40993e+06   2.31306e+06   1.85126e+06   1.27006e+06        842493
         6.17   2.40786e+06   2.31127e+06   1.85011e+06    1.2586e+06        845093
         6.18   2.40584e+06   2.30928e+06   1.85322e+06   1.25405e+06        841614
         6.19    2.4038e+06   2.30746e+06   1.84692e+06   1.25214e+06        839341
          6.2   2.40176e+06   2.30564e+06   1.84376e+06   1.25066e+06        839069
         6.21   2.39975e+06   2.30381e+06   1.84954e+06   1.25076e+06        838750
         6.22   2.39787e+06   2.30195e+06    1.8418e+06   1.26342e+06        838320
         6.23   2.39583e+06   2.29956e+06   1.83731e+06   1.25913e+06        839734
         6.24   2.39382e+06   2.29711e+06   1.84405e+06   1.24712e+06        839390
         6.25   2.39176e+06     2.295e+06    1.8386e+06   1.24221e+06        835261
         6.26   2.38971e+06   2.29268e+06   1.83374e+06   1.24359e+06        834546
         6.27   2.38746e+06   2.29056e+06   1.83303e+06   1.24568e+06        834172
         6.28    2.3853e+06   2.28863e+06   1.83739e+06   1.26012e+06        833993
         6.29   2.38321e+06    2.2867e+06   1.82927e+06   1.24191e+06        837613
          6.3   2.38111e+06   2.28478e+06   1.82682e+06   1.23909e+06        833567
         6.31   2.37906e+06   2.28285e+06   1.83208e+06   1.24258e+06        830469
         6.32     2.377e+06   2.28092e+06   1.82632e+06    1.2439e+06        830234
         6.33   2.37499e+06   2.27903e+06    1.8222e+06   1.23976e+06        832963
         6.34   2.37296e+06   2.27705e+06   1.82595e+06   1.24518e+06        832099
         6.35   2.37095e+06   2.27516e+06   1.82291e+06   1.24188e+06        827928
         6.36   2.36897e+06   2.27332e+06   1.81778e+06   1.23352e+06        827621
         6.37   2.36699e+06   2.27149e+06   1.81719e+06   1.23011e+06        829270
         6.38   2.36503e+06   2.26971e+06   1.82026e+06   1.23083e+06        828249
         6.39   2.36386e+06   2.26799e+06   1.81356e+06   1.24532e+06        828222
          6.4    2.3626e+06   2.26636e+06   1.80961e+06   1.23757e+06        828500
         6.41   2.36071e+06    2.2648e+06   1.81677e+06   1.22349e+06        823813
         6.42   2.35866e+06   2.26301e+06   1.81193e+06   1.22508e+06        824431
         6.43   2.35663e+06   2.26111e+06   1.80459e+06   1.23205e+06        823903
         6.44   2.35476e+06   2.25935e+06    1.8053e+06   1.23908e+06        823469
         6.45   2.35287e+06   2.25763e+06   1.81022e+06   1.22346e+06        827737
         6.46   2.35077e+06   2.25579e+06     1.802e+06   1.21934e+06        821670
         6.47   2.34828e+06   2.25421e+06   1.79874e+06   1.22094e+06        818699
         6.48   2.34573e+06   2.25044e+06   1.80378e+06    1.2331e+06        818774
         6.49   2.34336e+06   2.24851e+06   1.80261e+06   1.22512e+06        822654
          6.5   2.34139e+06   2.24684e+06   1.79383e+06   1.21824e+06        819693
         6.51   2.33943e+06   2.24583e+06   1.79458e+06   1.22663e+06        817262
         6.52   2.33748e+06   2.24423e+06   1.79882e+06   1.21594e+06        818724
         6.53   2.33554e+06    2.2428e+06    1.7894e+06   1.21114e+06        817414
         6.54    2.3336e+06   2.23895e+06   1.78836e+06    1.2136e+06        820968
         6.55   2.33168e+06    2.2373e+06   1.79431e+06   1.23036e+06        813898
         6.56   2.32973e+06   2.23657e+06   1.78619e+06   1.21666e+06        813758
         6.57   2.32781e+06   2.23501e+06   1.78226e+06   1.20973e+06        818669
         6.58   2.32591e+06   2.23319e+06   1.78697e+06    1.2071e+06        812232
         6.59   2.32399e+06   2.22957e+06   1.78721e+06   1.21069e+06        811456
          6.6   2.32205e+06   2.22805e+06   1.77853e+06   1.20849e+06        813340
         6.61   2.32012e+06   2.22717e+06   1.77623e+06   1.21693e+06        814923
         6.62    2.3182e+06    2.2256e+06   1.78172e+06   1.20644e+06        811537
         6.63   2.31627e+06   2.22411e+06   1.78045e+06   1.20483e+06        808920
         6.64   2.31436e+06    2.2202e+06   1.77193e+06   1.20093e+06        810451
         6.65   2.31251e+06   2.21846e+06   1.77014e+06   1.20298e+06        813333
         6.66   2.31062e+06   2.21737e+06   1.77564e+06   1.21355e+06        809525
         6.67   2.30868e+06   2.21607e+06   1.77396e+06   1.20375e+06        806861
         6.68   2.30677e+06   2.21454e+06   1.76566e+06   1.19635e+06        806423
         6.69   2.30532e+06    2.2108e+06   1.76418e+06   1.19484e+06        806624
          6.7    2.3034e+06   2.20908e+06   1.76949e+06   1.19766e+06        810824
         6.71   2.30169e+06   2.20838e+06   1.76707e+06   1.20567e+06        803713
         6.72   2.29994e+06   2.20692e+06    1.7595e+06   1.20165e+06        803788
         6.73   2.29802e+06   2.20457e+06   1.75883e+06   1.19168e+06        806023
         6.74   2.29626e+06   2.20148e+06   1.76275e+06   1.18881e+06        803078
         6.75   2.29359e+06   2.20046e+06   1.75667e+06   1.18823e+06        801925
         6.76    2.2907e+06    2.1994e+06   1.75436e+06   1.19833e+06        803893
         6.77   2.28879e+06   2.19792e+06   1.75757e+06   1.20123e+06        801719
         6.78   2.28693e+06   2.19399e+06   1.75284e+06   1.18987e+06        800791
         6.79   2.28517e+06   2.19251e+06    1.7482e+06   1.18386e+06        800470
          6.8   2.28352e+06   2.19179e+06   1.75411e+06   1.18219e+06        805735
         6.81   2.28207e+06   2.19043e+06   1.74737e+06   1.18435e+06        798423
         6.82   2.28032e+06   2.18651e+06   1.74348e+06   1.19388e+06        796627
         6.83   2.27854e+06   2.18506e+06   1.74811e+06   1.19173e+06        796634
         6.84   2.27661e+06   2.18433e+06   1.74907e+06   1.18034e+06        796363
         6.85   2.27486e+06   2.18289e+06   1.73568e+06   1.17705e+06        798950
         6.86   2.27305e+06   2.17918e+06   1.73882e+06   1.17603e+06        796706
         6.87   2.26947e+06   2.17736e+06    1.7422e+06   1.18663e+06        793996
         6.88   2.26759e+06    2.1767e+06   1.73738e+06   1.18364e+06        794048
         6.89   2.26591e+06    2.1754e+06   1.73284e+06    1.1763e+06        793568
          6.9   2.26456e+06    2.1739e+06   1.73355e+06   1.17302e+06        793132
         6.91   2.26296e+06   2.16988e+06   1.73858e+06   1.17959e+06        799432
         6.92   2.26131e+06   2.16831e+06   1.72916e+06   1.17534e+06        791416
         6.93   2.25953e+06   2.16768e+06   1.72644e+06     1.172e+06        790117
         6.94   2.25775e+06   2.16644e+06   1.73026e+06   1.17735e+06        789860
         6.95   2.25412e+06   2.16245e+06   1.73049e+06      1.17e+06        791179
         6.96   2.25228e+06   2.16104e+06   1.72363e+06   1.16752e+06        793885
         6.97   2.25066e+06   2.16051e+06   1.71919e+06    1.1772e+06        786125
         6.98   2.24945e+06   2.15921e+06   1.72412e+06   1.16678e+06        787389
         6.99   2.24781e+06   2.15505e+06   1.72595e+06   1.16225e+06        792823
            7   2.24617e+06   2.15439e+06   1.71755e+06   1.16819e+06        785759
