/*--------------------------------*- C++ -*----------------------------------*\
| =========                 |                                                 |
| \\      /  F ield         | OpenFOAM: The Open Source CFD Toolbox           |
|  \\    /   O peration     | Version:  2.4.0                                 |
|   \\  /    A nd           | Web:      www.OpenFOAM.org                      |
|    \\/     M anipulation  |                                                 |
\*---------------------------------------------------------------------------*/
FoamFile
{
    version     2.0;
    format      ascii;
    class       vectorField;
    location    "constant/polyMesh";
    object      points;
}
// * * * * * * * * * * * * * * * * * * * * * * * * * * * * * * * * * * * * * //


1204
(
(0 -1 -1)
(2.299453138 -1 -1)
(4.581266304 -1 -1)
(6.845574821 -1 -1)
(9.092512973 -1 -1)
(11.32221401 -1 -1)
(13.53481018 -1 -1)
(15.73043268 -1 -1)
(17.90921174 -1 -1)
(20.07127656 -1 -1)
(22.21675537 -1 -1)
(24.3457754 -1 -1)
(26.45846291 -1 -1)
(28.5549432 -1 -1)
(30.6353406 -1 -1)
(32.69977849 -1 -1)
(34.7483793 -1 -1)
(36.78126451 -1 -1)
(38.7985547 -1 -1)
(40.80036949 -1 -1)
(42.78682761 -1 -1)
(44.75804686 -1 -1)
(46.71414414 -1 -1)
(48.65523546 -1 -1)
(50.58143594 -1 -1)
(52.49285981 -1 -1)
(54.38962042 -1 -1)
(56.27183027 -1 -1)
(58.13960098 -1 -1)
(59.99304331 -1 -1)
(61.83226719 -1 -1)
(63.65738169 -1 -1)
(65.46849505 -1 -1)
(67.26571467 -1 -1)
(69.04914714 -1 -1)
(70.81889823 -1 -1)
(72.5750729 -1 -1)
(74.31777528 -1 -1)
(76.04710874 -1 -1)
(77.76317583 -1 -1)
(79.46607832 -1 -1)
(81.1559172 -1 -1)
(82.83279269 -1 -1)
(84.49680424 -1 -1)
(86.14805053 -1 -1)
(87.78662948 -1 -1)
(89.41263828 -1 -1)
(91.02617335 -1 -1)
(92.62733039 -1 -1)
(94.21620434 -1 -1)
(95.79288945 -1 -1)
(97.3574792 -1 -1)
(98.9100664 -1 -1)
(100.4507431 -1 -1)
(101.9796007 -1 -1)
(103.4967299 -1 -1)
(105.0022206 -1 -1)
(106.4961621 -1 -1)
(107.978643 -1 -1)
(109.4497513 -1 -1)
(110.9095741 -1 -1)
(112.358198 -1 -1)
(113.7957091 -1 -1)
(115.2221924 -1 -1)
(116.6377327 -1 -1)
(118.0424138 -1 -1)
(119.436319 -1 -1)
(120.8195311 -1 -1)
(122.1921321 -1 -1)
(123.5542033 -1 -1)
(124.9058255 -1 -1)
(126.247079 -1 -1)
(127.5780432 -1 -1)
(128.898797 -1 -1)
(130.2094189 -1 -1)
(131.5099865 -1 -1)
(132.8005769 -1 -1)
(134.0812667 -1 -1)
(135.3521319 -1 -1)
(136.6132478 -1 -1)
(137.8646892 -1 -1)
(139.1065303 -1 -1)
(140.3388448 -1 -1)
(141.5617057 -1 -1)
(142.7751856 -1 -1)
(143.9793565 -1 -1)
(145.1742897 -1 -1)
(146.3600561 -1 -1)
(147.5367261 -1 -1)
(148.7043693 -1 -1)
(149.8630552 -1 -1)
(151.0128523 -1 -1)
(152.1538289 -1 -1)
(153.2860526 -1 -1)
(154.4095907 -1 -1)
(155.5245096 -1 -1)
(156.6308756 -1 -1)
(157.7287542 -1 -1)
(158.8182106 -1 -1)
(159.8993093 -1 -1)
(160.9721146 -1 -1)
(162.0366899 -1 -1)
(163.0930985 -1 -1)
(164.141403 -1 -1)
(165.1816655 -1 -1)
(166.2139478 -1 -1)
(167.238311 -1 -1)
(168.254816 -1 -1)
(169.263523 -1 -1)
(170.2644918 -1 -1)
(171.2577819 -1 -1)
(172.243452 -1 -1)
(173.2215606 -1 -1)
(174.1921658 -1 -1)
(175.1553252 -1 -1)
(176.1110958 -1 -1)
(177.0595343 -1 -1)
(178.000697 -1 -1)
(178.9346396 -1 -1)
(179.8614177 -1 -1)
(180.781086 -1 -1)
(181.6936993 -1 -1)
(182.5993115 -1 -1)
(183.4979765 -1 -1)
(184.3897475 -1 -1)
(185.2746773 -1 -1)
(186.1528185 -1 -1)
(187.0242232 -1 -1)
(187.888943 -1 -1)
(188.7470292 -1 -1)
(189.5985327 -1 -1)
(190.443504 -1 -1)
(191.2819932 -1 -1)
(192.11405 -1 -1)
(192.9397238 -1 -1)
(193.7590636 -1 -1)
(194.5721179 -1 -1)
(195.3789349 -1 -1)
(196.1795626 -1 -1)
(196.9740483 -1 -1)
(197.7624392 -1 -1)
(198.5447821 -1 -1)
(199.3211234 -1 -1)
(200.091509 -1 -1)
(200.8559847 -1 -1)
(201.6145958 -1 -1)
(202.3673874 -1 -1)
(203.114404 -1 -1)
(203.8556899 -1 -1)
(204.5912892 -1 -1)
(205.3212454 -1 -1)
(206.0456018 -1 -1)
(206.7644014 -1 -1)
(207.4776869 -1 -1)
(208.1855004 -1 -1)
(208.8878841 -1 -1)
(209.5848795 -1 -1)
(210.276528 -1 -1)
(210.9628706 -1 -1)
(211.643948 -1 -1)
(212.3198006 -1 -1)
(212.9904685 -1 -1)
(213.6559914 -1 -1)
(214.3164088 -1 -1)
(214.97176 -1 -1)
(215.6220837 -1 -1)
(216.2674185 -1 -1)
(216.9078027 -1 -1)
(217.5432743 -1 -1)
(218.1738709 -1 -1)
(218.79963 -1 -1)
(219.4205887 -1 -1)
(220.0367838 -1 -1)
(220.6482517 -1 -1)
(221.2550289 -1 -1)
(221.8571513 -1 -1)
(222.4546546 -1 -1)
(223.0475742 -1 -1)
(223.6359452 -1 -1)
(224.2198027 -1 -1)
(224.7991812 -1 -1)
(225.374115 -1 -1)
(225.9446383 -1 -1)
(226.510785 -1 -1)
(227.0725884 -1 -1)
(227.6300821 -1 -1)
(228.1832991 -1 -1)
(228.7322721 -1 -1)
(229.2770337 -1 -1)
(229.8176162 -1 -1)
(230.3540518 -1 -1)
(230.8863721 -1 -1)
(231.4146088 -1 -1)
(231.9387932 -1 -1)
(232.4589564 -1 -1)
(232.9751292 -1 -1)
(233.4873423 -1 -1)
(233.995626 -1 -1)
(234.5000104 -1 -1)
(235.0005255 -1 -1)
(235.497201 -1 -1)
(235.9900663 -1 -1)
(236.4791507 -1 -1)
(236.964483 -1 -1)
(237.4460923 -1 -1)
(237.9240069 -1 -1)
(238.3982552 -1 -1)
(238.8688655 -1 -1)
(239.3358655 -1 -1)
(239.7992829 -1 -1)
(240.2591453 -1 -1)
(240.7154799 -1 -1)
(241.1683139 -1 -1)
(241.6176739 -1 -1)
(242.0635868 -1 -1)
(242.5060788 -1 -1)
(242.9451764 -1 -1)
(243.3809055 -1 -1)
(243.8132919 -1 -1)
(244.2423613 -1 -1)
(244.6681392 -1 -1)
(245.0906508 -1 -1)
(245.5099211 -1 -1)
(245.925975 -1 -1)
(246.3388373 -1 -1)
(246.7485323 -1 -1)
(247.1550844 -1 -1)
(247.5585177 -1 -1)
(247.9588561 -1 -1)
(248.3561233 -1 -1)
(248.750343 -1 -1)
(249.1415384 -1 -1)
(249.5297329 -1 -1)
(249.9149493 -1 -1)
(250.2972106 -1 -1)
(250.6765395 -1 -1)
(251.0529583 -1 -1)
(251.4264896 -1 -1)
(251.7971553 -1 -1)
(252.1649775 -1 -1)
(252.529978 -1 -1)
(252.8921784 -1 -1)
(253.2516003 -1 -1)
(253.6082649 -1 -1)
(253.9621934 -1 -1)
(254.3134068 -1 -1)
(254.6619259 -1 -1)
(255.0077713 -1 -1)
(255.3509637 -1 -1)
(255.6915233 -1 -1)
(256.0294703 -1 -1)
(256.3648248 -1 -1)
(256.6976067 -1 -1)
(257.0278357 -1 -1)
(257.3555314 -1 -1)
(257.6807132 -1 -1)
(258.0034004 -1 -1)
(258.3236122 -1 -1)
(258.6413675 -1 -1)
(258.9566851 -1 -1)
(259.2695839 -1 -1)
(259.5800823 -1 -1)
(259.8881987 -1 -1)
(260.1939515 -1 -1)
(260.4973587 -1 -1)
(260.7984383 -1 -1)
(261.0972083 -1 -1)
(261.3936863 -1 -1)
(261.6878899 -1 -1)
(261.9798365 -1 -1)
(262.2695436 -1 -1)
(262.5570281 -1 -1)
(262.8423073 -1 -1)
(263.125398 -1 -1)
(263.4063169 -1 -1)
(263.6850809 -1 -1)
(263.9617063 -1 -1)
(264.2362097 -1 -1)
(264.5086072 -1 -1)
(264.7789151 -1 -1)
(265.0471493 -1 -1)
(265.3133258 -1 -1)
(265.5774604 -1 -1)
(265.8395686 -1 -1)
(266.0996662 -1 -1)
(266.3577684 -1 -1)
(266.6138907 -1 -1)
(266.8680481 -1 -1)
(267.1202558 -1 -1)
(267.3705287 -1 -1)
(267.6188817 -1 -1)
(267.8653295 -1 -1)
(268.1098867 -1 -1)
(268.3525678 -1 -1)
(268.5933872 -1 -1)
(268.8323591 -1 -1)
(269.0694979 -1 -1)
(269.3048174 -1 -1)
(269.5383317 -1 -1)
(269.7700547 -1 -1)
(270 -1 -1)
(0 1 -1)
(2.299453138 1 -1)
(4.581266304 1 -1)
(6.845574821 1 -1)
(9.092512973 1 -1)
(11.32221401 1 -1)
(13.53481018 1 -1)
(15.73043268 1 -1)
(17.90921174 1 -1)
(20.07127656 1 -1)
(22.21675537 1 -1)
(24.3457754 1 -1)
(26.45846291 1 -1)
(28.5549432 1 -1)
(30.6353406 1 -1)
(32.69977849 1 -1)
(34.7483793 1 -1)
(36.78126451 1 -1)
(38.7985547 1 -1)
(40.80036949 1 -1)
(42.78682761 1 -1)
(44.75804686 1 -1)
(46.71414414 1 -1)
(48.65523546 1 -1)
(50.58143594 1 -1)
(52.49285981 1 -1)
(54.38962042 1 -1)
(56.27183027 1 -1)
(58.13960098 1 -1)
(59.99304331 1 -1)
(61.83226719 1 -1)
(63.65738169 1 -1)
(65.46849505 1 -1)
(67.26571467 1 -1)
(69.04914714 1 -1)
(70.81889823 1 -1)
(72.5750729 1 -1)
(74.31777528 1 -1)
(76.04710874 1 -1)
(77.76317583 1 -1)
(79.46607832 1 -1)
(81.1559172 1 -1)
(82.83279269 1 -1)
(84.49680424 1 -1)
(86.14805053 1 -1)
(87.78662948 1 -1)
(89.41263828 1 -1)
(91.02617335 1 -1)
(92.62733039 1 -1)
(94.21620434 1 -1)
(95.79288945 1 -1)
(97.3574792 1 -1)
(98.9100664 1 -1)
(100.4507431 1 -1)
(101.9796007 1 -1)
(103.4967299 1 -1)
(105.0022206 1 -1)
(106.4961621 1 -1)
(107.978643 1 -1)
(109.4497513 1 -1)
(110.9095741 1 -1)
(112.358198 1 -1)
(113.7957091 1 -1)
(115.2221924 1 -1)
(116.6377327 1 -1)
(118.0424138 1 -1)
(119.436319 1 -1)
(120.8195311 1 -1)
(122.1921321 1 -1)
(123.5542033 1 -1)
(124.9058255 1 -1)
(126.247079 1 -1)
(127.5780432 1 -1)
(128.898797 1 -1)
(130.2094189 1 -1)
(131.5099865 1 -1)
(132.8005769 1 -1)
(134.0812667 1 -1)
(135.3521319 1 -1)
(136.6132478 1 -1)
(137.8646892 1 -1)
(139.1065303 1 -1)
(140.3388448 1 -1)
(141.5617057 1 -1)
(142.7751856 1 -1)
(143.9793565 1 -1)
(145.1742897 1 -1)
(146.3600561 1 -1)
(147.5367261 1 -1)
(148.7043693 1 -1)
(149.8630552 1 -1)
(151.0128523 1 -1)
(152.1538289 1 -1)
(153.2860526 1 -1)
(154.4095907 1 -1)
(155.5245096 1 -1)
(156.6308756 1 -1)
(157.7287542 1 -1)
(158.8182106 1 -1)
(159.8993093 1 -1)
(160.9721146 1 -1)
(162.0366899 1 -1)
(163.0930985 1 -1)
(164.141403 1 -1)
(165.1816655 1 -1)
(166.2139478 1 -1)
(167.238311 1 -1)
(168.254816 1 -1)
(169.263523 1 -1)
(170.2644918 1 -1)
(171.2577819 1 -1)
(172.243452 1 -1)
(173.2215606 1 -1)
(174.1921658 1 -1)
(175.1553252 1 -1)
(176.1110958 1 -1)
(177.0595343 1 -1)
(178.000697 1 -1)
(178.9346396 1 -1)
(179.8614177 1 -1)
(180.781086 1 -1)
(181.6936993 1 -1)
(182.5993115 1 -1)
(183.4979765 1 -1)
(184.3897475 1 -1)
(185.2746773 1 -1)
(186.1528185 1 -1)
(187.0242232 1 -1)
(187.888943 1 -1)
(188.7470292 1 -1)
(189.5985327 1 -1)
(190.443504 1 -1)
(191.2819932 1 -1)
(192.11405 1 -1)
(192.9397238 1 -1)
(193.7590636 1 -1)
(194.5721179 1 -1)
(195.3789349 1 -1)
(196.1795626 1 -1)
(196.9740483 1 -1)
(197.7624392 1 -1)
(198.5447821 1 -1)
(199.3211234 1 -1)
(200.091509 1 -1)
(200.8559847 1 -1)
(201.6145958 1 -1)
(202.3673874 1 -1)
(203.114404 1 -1)
(203.8556899 1 -1)
(204.5912892 1 -1)
(205.3212454 1 -1)
(206.0456018 1 -1)
(206.7644014 1 -1)
(207.4776869 1 -1)
(208.1855004 1 -1)
(208.8878841 1 -1)
(209.5848795 1 -1)
(210.276528 1 -1)
(210.9628706 1 -1)
(211.643948 1 -1)
(212.3198006 1 -1)
(212.9904685 1 -1)
(213.6559914 1 -1)
(214.3164088 1 -1)
(214.97176 1 -1)
(215.6220837 1 -1)
(216.2674185 1 -1)
(216.9078027 1 -1)
(217.5432743 1 -1)
(218.1738709 1 -1)
(218.79963 1 -1)
(219.4205887 1 -1)
(220.0367838 1 -1)
(220.6482517 1 -1)
(221.2550289 1 -1)
(221.8571513 1 -1)
(222.4546546 1 -1)
(223.0475742 1 -1)
(223.6359452 1 -1)
(224.2198027 1 -1)
(224.7991812 1 -1)
(225.374115 1 -1)
(225.9446383 1 -1)
(226.510785 1 -1)
(227.0725884 1 -1)
(227.6300821 1 -1)
(228.1832991 1 -1)
(228.7322721 1 -1)
(229.2770337 1 -1)
(229.8176162 1 -1)
(230.3540518 1 -1)
(230.8863721 1 -1)
(231.4146088 1 -1)
(231.9387932 1 -1)
(232.4589564 1 -1)
(232.9751292 1 -1)
(233.4873423 1 -1)
(233.995626 1 -1)
(234.5000104 1 -1)
(235.0005255 1 -1)
(235.497201 1 -1)
(235.9900663 1 -1)
(236.4791507 1 -1)
(236.964483 1 -1)
(237.4460923 1 -1)
(237.9240069 1 -1)
(238.3982552 1 -1)
(238.8688655 1 -1)
(239.3358655 1 -1)
(239.7992829 1 -1)
(240.2591453 1 -1)
(240.7154799 1 -1)
(241.1683139 1 -1)
(241.6176739 1 -1)
(242.0635868 1 -1)
(242.5060788 1 -1)
(242.9451764 1 -1)
(243.3809055 1 -1)
(243.8132919 1 -1)
(244.2423613 1 -1)
(244.6681392 1 -1)
(245.0906508 1 -1)
(245.5099211 1 -1)
(245.925975 1 -1)
(246.3388373 1 -1)
(246.7485323 1 -1)
(247.1550844 1 -1)
(247.5585177 1 -1)
(247.9588561 1 -1)
(248.3561233 1 -1)
(248.750343 1 -1)
(249.1415384 1 -1)
(249.5297329 1 -1)
(249.9149493 1 -1)
(250.2972106 1 -1)
(250.6765395 1 -1)
(251.0529583 1 -1)
(251.4264896 1 -1)
(251.7971553 1 -1)
(252.1649775 1 -1)
(252.529978 1 -1)
(252.8921784 1 -1)
(253.2516003 1 -1)
(253.6082649 1 -1)
(253.9621934 1 -1)
(254.3134068 1 -1)
(254.6619259 1 -1)
(255.0077713 1 -1)
(255.3509637 1 -1)
(255.6915233 1 -1)
(256.0294703 1 -1)
(256.3648248 1 -1)
(256.6976067 1 -1)
(257.0278357 1 -1)
(257.3555314 1 -1)
(257.6807132 1 -1)
(258.0034004 1 -1)
(258.3236122 1 -1)
(258.6413675 1 -1)
(258.9566851 1 -1)
(259.2695839 1 -1)
(259.5800823 1 -1)
(259.8881987 1 -1)
(260.1939515 1 -1)
(260.4973587 1 -1)
(260.7984383 1 -1)
(261.0972083 1 -1)
(261.3936863 1 -1)
(261.6878899 1 -1)
(261.9798365 1 -1)
(262.2695436 1 -1)
(262.5570281 1 -1)
(262.8423073 1 -1)
(263.125398 1 -1)
(263.4063169 1 -1)
(263.6850809 1 -1)
(263.9617063 1 -1)
(264.2362097 1 -1)
(264.5086072 1 -1)
(264.7789151 1 -1)
(265.0471493 1 -1)
(265.3133258 1 -1)
(265.5774604 1 -1)
(265.8395686 1 -1)
(266.0996662 1 -1)
(266.3577684 1 -1)
(266.6138907 1 -1)
(266.8680481 1 -1)
(267.1202558 1 -1)
(267.3705287 1 -1)
(267.6188817 1 -1)
(267.8653295 1 -1)
(268.1098867 1 -1)
(268.3525678 1 -1)
(268.5933872 1 -1)
(268.8323591 1 -1)
(269.0694979 1 -1)
(269.3048174 1 -1)
(269.5383317 1 -1)
(269.7700547 1 -1)
(270 1 -1)
(0 -1 1)
(2.299453138 -1 1)
(4.581266304 -1 1)
(6.845574821 -1 1)
(9.092512973 -1 1)
(11.32221401 -1 1)
(13.53481018 -1 1)
(15.73043268 -1 1)
(17.90921174 -1 1)
(20.07127656 -1 1)
(22.21675537 -1 1)
(24.3457754 -1 1)
(26.45846291 -1 1)
(28.5549432 -1 1)
(30.6353406 -1 1)
(32.69977849 -1 1)
(34.7483793 -1 1)
(36.78126451 -1 1)
(38.7985547 -1 1)
(40.80036949 -1 1)
(42.78682761 -1 1)
(44.75804686 -1 1)
(46.71414414 -1 1)
(48.65523546 -1 1)
(50.58143594 -1 1)
(52.49285981 -1 1)
(54.38962042 -1 1)
(56.27183027 -1 1)
(58.13960098 -1 1)
(59.99304331 -1 1)
(61.83226719 -1 1)
(63.65738169 -1 1)
(65.46849505 -1 1)
(67.26571467 -1 1)
(69.04914714 -1 1)
(70.81889823 -1 1)
(72.5750729 -1 1)
(74.31777528 -1 1)
(76.04710874 -1 1)
(77.76317583 -1 1)
(79.46607832 -1 1)
(81.1559172 -1 1)
(82.83279269 -1 1)
(84.49680424 -1 1)
(86.14805053 -1 1)
(87.78662948 -1 1)
(89.41263828 -1 1)
(91.02617335 -1 1)
(92.62733039 -1 1)
(94.21620434 -1 1)
(95.79288945 -1 1)
(97.3574792 -1 1)
(98.9100664 -1 1)
(100.4507431 -1 1)
(101.9796007 -1 1)
(103.4967299 -1 1)
(105.0022206 -1 1)
(106.4961621 -1 1)
(107.978643 -1 1)
(109.4497513 -1 1)
(110.9095741 -1 1)
(112.358198 -1 1)
(113.7957091 -1 1)
(115.2221924 -1 1)
(116.6377327 -1 1)
(118.0424138 -1 1)
(119.436319 -1 1)
(120.8195311 -1 1)
(122.1921321 -1 1)
(123.5542033 -1 1)
(124.9058255 -1 1)
(126.247079 -1 1)
(127.5780432 -1 1)
(128.898797 -1 1)
(130.2094189 -1 1)
(131.5099865 -1 1)
(132.8005769 -1 1)
(134.0812667 -1 1)
(135.3521319 -1 1)
(136.6132478 -1 1)
(137.8646892 -1 1)
(139.1065303 -1 1)
(140.3388448 -1 1)
(141.5617057 -1 1)
(142.7751856 -1 1)
(143.9793565 -1 1)
(145.1742897 -1 1)
(146.3600561 -1 1)
(147.5367261 -1 1)
(148.7043693 -1 1)
(149.8630552 -1 1)
(151.0128523 -1 1)
(152.1538289 -1 1)
(153.2860526 -1 1)
(154.4095907 -1 1)
(155.5245096 -1 1)
(156.6308756 -1 1)
(157.7287542 -1 1)
(158.8182106 -1 1)
(159.8993093 -1 1)
(160.9721146 -1 1)
(162.0366899 -1 1)
(163.0930985 -1 1)
(164.141403 -1 1)
(165.1816655 -1 1)
(166.2139478 -1 1)
(167.238311 -1 1)
(168.254816 -1 1)
(169.263523 -1 1)
(170.2644918 -1 1)
(171.2577819 -1 1)
(172.243452 -1 1)
(173.2215606 -1 1)
(174.1921658 -1 1)
(175.1553252 -1 1)
(176.1110958 -1 1)
(177.0595343 -1 1)
(178.000697 -1 1)
(178.9346396 -1 1)
(179.8614177 -1 1)
(180.781086 -1 1)
(181.6936993 -1 1)
(182.5993115 -1 1)
(183.4979765 -1 1)
(184.3897475 -1 1)
(185.2746773 -1 1)
(186.1528185 -1 1)
(187.0242232 -1 1)
(187.888943 -1 1)
(188.7470292 -1 1)
(189.5985327 -1 1)
(190.443504 -1 1)
(191.2819932 -1 1)
(192.11405 -1 1)
(192.9397238 -1 1)
(193.7590636 -1 1)
(194.5721179 -1 1)
(195.3789349 -1 1)
(196.1795626 -1 1)
(196.9740483 -1 1)
(197.7624392 -1 1)
(198.5447821 -1 1)
(199.3211234 -1 1)
(200.091509 -1 1)
(200.8559847 -1 1)
(201.6145958 -1 1)
(202.3673874 -1 1)
(203.114404 -1 1)
(203.8556899 -1 1)
(204.5912892 -1 1)
(205.3212454 -1 1)
(206.0456018 -1 1)
(206.7644014 -1 1)
(207.4776869 -1 1)
(208.1855004 -1 1)
(208.8878841 -1 1)
(209.5848795 -1 1)
(210.276528 -1 1)
(210.9628706 -1 1)
(211.643948 -1 1)
(212.3198006 -1 1)
(212.9904685 -1 1)
(213.6559914 -1 1)
(214.3164088 -1 1)
(214.97176 -1 1)
(215.6220837 -1 1)
(216.2674185 -1 1)
(216.9078027 -1 1)
(217.5432743 -1 1)
(218.1738709 -1 1)
(218.79963 -1 1)
(219.4205887 -1 1)
(220.0367838 -1 1)
(220.6482517 -1 1)
(221.2550289 -1 1)
(221.8571513 -1 1)
(222.4546546 -1 1)
(223.0475742 -1 1)
(223.6359452 -1 1)
(224.2198027 -1 1)
(224.7991812 -1 1)
(225.374115 -1 1)
(225.9446383 -1 1)
(226.510785 -1 1)
(227.0725884 -1 1)
(227.6300821 -1 1)
(228.1832991 -1 1)
(228.7322721 -1 1)
(229.2770337 -1 1)
(229.8176162 -1 1)
(230.3540518 -1 1)
(230.8863721 -1 1)
(231.4146088 -1 1)
(231.9387932 -1 1)
(232.4589564 -1 1)
(232.9751292 -1 1)
(233.4873423 -1 1)
(233.995626 -1 1)
(234.5000104 -1 1)
(235.0005255 -1 1)
(235.497201 -1 1)
(235.9900663 -1 1)
(236.4791507 -1 1)
(236.964483 -1 1)
(237.4460923 -1 1)
(237.9240069 -1 1)
(238.3982552 -1 1)
(238.8688655 -1 1)
(239.3358655 -1 1)
(239.7992829 -1 1)
(240.2591453 -1 1)
(240.7154799 -1 1)
(241.1683139 -1 1)
(241.6176739 -1 1)
(242.0635868 -1 1)
(242.5060788 -1 1)
(242.9451764 -1 1)
(243.3809055 -1 1)
(243.8132919 -1 1)
(244.2423613 -1 1)
(244.6681392 -1 1)
(245.0906508 -1 1)
(245.5099211 -1 1)
(245.925975 -1 1)
(246.3388373 -1 1)
(246.7485323 -1 1)
(247.1550844 -1 1)
(247.5585177 -1 1)
(247.9588561 -1 1)
(248.3561233 -1 1)
(248.750343 -1 1)
(249.1415384 -1 1)
(249.5297329 -1 1)
(249.9149493 -1 1)
(250.2972106 -1 1)
(250.6765395 -1 1)
(251.0529583 -1 1)
(251.4264896 -1 1)
(251.7971553 -1 1)
(252.1649775 -1 1)
(252.529978 -1 1)
(252.8921784 -1 1)
(253.2516003 -1 1)
(253.6082649 -1 1)
(253.9621934 -1 1)
(254.3134068 -1 1)
(254.6619259 -1 1)
(255.0077713 -1 1)
(255.3509637 -1 1)
(255.6915233 -1 1)
(256.0294703 -1 1)
(256.3648248 -1 1)
(256.6976067 -1 1)
(257.0278357 -1 1)
(257.3555314 -1 1)
(257.6807132 -1 1)
(258.0034004 -1 1)
(258.3236122 -1 1)
(258.6413675 -1 1)
(258.9566851 -1 1)
(259.2695839 -1 1)
(259.5800823 -1 1)
(259.8881987 -1 1)
(260.1939515 -1 1)
(260.4973587 -1 1)
(260.7984383 -1 1)
(261.0972083 -1 1)
(261.3936863 -1 1)
(261.6878899 -1 1)
(261.9798365 -1 1)
(262.2695436 -1 1)
(262.5570281 -1 1)
(262.8423073 -1 1)
(263.125398 -1 1)
(263.4063169 -1 1)
(263.6850809 -1 1)
(263.9617063 -1 1)
(264.2362097 -1 1)
(264.5086072 -1 1)
(264.7789151 -1 1)
(265.0471493 -1 1)
(265.3133258 -1 1)
(265.5774604 -1 1)
(265.8395686 -1 1)
(266.0996662 -1 1)
(266.3577684 -1 1)
(266.6138907 -1 1)
(266.8680481 -1 1)
(267.1202558 -1 1)
(267.3705287 -1 1)
(267.6188817 -1 1)
(267.8653295 -1 1)
(268.1098867 -1 1)
(268.3525678 -1 1)
(268.5933872 -1 1)
(268.8323591 -1 1)
(269.0694979 -1 1)
(269.3048174 -1 1)
(269.5383317 -1 1)
(269.7700547 -1 1)
(270 -1 1)
(0 1 1)
(2.299453138 1 1)
(4.581266304 1 1)
(6.845574821 1 1)
(9.092512973 1 1)
(11.32221401 1 1)
(13.53481018 1 1)
(15.73043268 1 1)
(17.90921174 1 1)
(20.07127656 1 1)
(22.21675537 1 1)
(24.3457754 1 1)
(26.45846291 1 1)
(28.5549432 1 1)
(30.6353406 1 1)
(32.69977849 1 1)
(34.7483793 1 1)
(36.78126451 1 1)
(38.7985547 1 1)
(40.80036949 1 1)
(42.78682761 1 1)
(44.75804686 1 1)
(46.71414414 1 1)
(48.65523546 1 1)
(50.58143594 1 1)
(52.49285981 1 1)
(54.38962042 1 1)
(56.27183027 1 1)
(58.13960098 1 1)
(59.99304331 1 1)
(61.83226719 1 1)
(63.65738169 1 1)
(65.46849505 1 1)
(67.26571467 1 1)
(69.04914714 1 1)
(70.81889823 1 1)
(72.5750729 1 1)
(74.31777528 1 1)
(76.04710874 1 1)
(77.76317583 1 1)
(79.46607832 1 1)
(81.1559172 1 1)
(82.83279269 1 1)
(84.49680424 1 1)
(86.14805053 1 1)
(87.78662948 1 1)
(89.41263828 1 1)
(91.02617335 1 1)
(92.62733039 1 1)
(94.21620434 1 1)
(95.79288945 1 1)
(97.3574792 1 1)
(98.9100664 1 1)
(100.4507431 1 1)
(101.9796007 1 1)
(103.4967299 1 1)
(105.0022206 1 1)
(106.4961621 1 1)
(107.978643 1 1)
(109.4497513 1 1)
(110.9095741 1 1)
(112.358198 1 1)
(113.7957091 1 1)
(115.2221924 1 1)
(116.6377327 1 1)
(118.0424138 1 1)
(119.436319 1 1)
(120.8195311 1 1)
(122.1921321 1 1)
(123.5542033 1 1)
(124.9058255 1 1)
(126.247079 1 1)
(127.5780432 1 1)
(128.898797 1 1)
(130.2094189 1 1)
(131.5099865 1 1)
(132.8005769 1 1)
(134.0812667 1 1)
(135.3521319 1 1)
(136.6132478 1 1)
(137.8646892 1 1)
(139.1065303 1 1)
(140.3388448 1 1)
(141.5617057 1 1)
(142.7751856 1 1)
(143.9793565 1 1)
(145.1742897 1 1)
(146.3600561 1 1)
(147.5367261 1 1)
(148.7043693 1 1)
(149.8630552 1 1)
(151.0128523 1 1)
(152.1538289 1 1)
(153.2860526 1 1)
(154.4095907 1 1)
(155.5245096 1 1)
(156.6308756 1 1)
(157.7287542 1 1)
(158.8182106 1 1)
(159.8993093 1 1)
(160.9721146 1 1)
(162.0366899 1 1)
(163.0930985 1 1)
(164.141403 1 1)
(165.1816655 1 1)
(166.2139478 1 1)
(167.238311 1 1)
(168.254816 1 1)
(169.263523 1 1)
(170.2644918 1 1)
(171.2577819 1 1)
(172.243452 1 1)
(173.2215606 1 1)
(174.1921658 1 1)
(175.1553252 1 1)
(176.1110958 1 1)
(177.0595343 1 1)
(178.000697 1 1)
(178.9346396 1 1)
(179.8614177 1 1)
(180.781086 1 1)
(181.6936993 1 1)
(182.5993115 1 1)
(183.4979765 1 1)
(184.3897475 1 1)
(185.2746773 1 1)
(186.1528185 1 1)
(187.0242232 1 1)
(187.888943 1 1)
(188.7470292 1 1)
(189.5985327 1 1)
(190.443504 1 1)
(191.2819932 1 1)
(192.11405 1 1)
(192.9397238 1 1)
(193.7590636 1 1)
(194.5721179 1 1)
(195.3789349 1 1)
(196.1795626 1 1)
(196.9740483 1 1)
(197.7624392 1 1)
(198.5447821 1 1)
(199.3211234 1 1)
(200.091509 1 1)
(200.8559847 1 1)
(201.6145958 1 1)
(202.3673874 1 1)
(203.114404 1 1)
(203.8556899 1 1)
(204.5912892 1 1)
(205.3212454 1 1)
(206.0456018 1 1)
(206.7644014 1 1)
(207.4776869 1 1)
(208.1855004 1 1)
(208.8878841 1 1)
(209.5848795 1 1)
(210.276528 1 1)
(210.9628706 1 1)
(211.643948 1 1)
(212.3198006 1 1)
(212.9904685 1 1)
(213.6559914 1 1)
(214.3164088 1 1)
(214.97176 1 1)
(215.6220837 1 1)
(216.2674185 1 1)
(216.9078027 1 1)
(217.5432743 1 1)
(218.1738709 1 1)
(218.79963 1 1)
(219.4205887 1 1)
(220.0367838 1 1)
(220.6482517 1 1)
(221.2550289 1 1)
(221.8571513 1 1)
(222.4546546 1 1)
(223.0475742 1 1)
(223.6359452 1 1)
(224.2198027 1 1)
(224.7991812 1 1)
(225.374115 1 1)
(225.9446383 1 1)
(226.510785 1 1)
(227.0725884 1 1)
(227.6300821 1 1)
(228.1832991 1 1)
(228.7322721 1 1)
(229.2770337 1 1)
(229.8176162 1 1)
(230.3540518 1 1)
(230.8863721 1 1)
(231.4146088 1 1)
(231.9387932 1 1)
(232.4589564 1 1)
(232.9751292 1 1)
(233.4873423 1 1)
(233.995626 1 1)
(234.5000104 1 1)
(235.0005255 1 1)
(235.497201 1 1)
(235.9900663 1 1)
(236.4791507 1 1)
(236.964483 1 1)
(237.4460923 1 1)
(237.9240069 1 1)
(238.3982552 1 1)
(238.8688655 1 1)
(239.3358655 1 1)
(239.7992829 1 1)
(240.2591453 1 1)
(240.7154799 1 1)
(241.1683139 1 1)
(241.6176739 1 1)
(242.0635868 1 1)
(242.5060788 1 1)
(242.9451764 1 1)
(243.3809055 1 1)
(243.8132919 1 1)
(244.2423613 1 1)
(244.6681392 1 1)
(245.0906508 1 1)
(245.5099211 1 1)
(245.925975 1 1)
(246.3388373 1 1)
(246.7485323 1 1)
(247.1550844 1 1)
(247.5585177 1 1)
(247.9588561 1 1)
(248.3561233 1 1)
(248.750343 1 1)
(249.1415384 1 1)
(249.5297329 1 1)
(249.9149493 1 1)
(250.2972106 1 1)
(250.6765395 1 1)
(251.0529583 1 1)
(251.4264896 1 1)
(251.7971553 1 1)
(252.1649775 1 1)
(252.529978 1 1)
(252.8921784 1 1)
(253.2516003 1 1)
(253.6082649 1 1)
(253.9621934 1 1)
(254.3134068 1 1)
(254.6619259 1 1)
(255.0077713 1 1)
(255.3509637 1 1)
(255.6915233 1 1)
(256.0294703 1 1)
(256.3648248 1 1)
(256.6976067 1 1)
(257.0278357 1 1)
(257.3555314 1 1)
(257.6807132 1 1)
(258.0034004 1 1)
(258.3236122 1 1)
(258.6413675 1 1)
(258.9566851 1 1)
(259.2695839 1 1)
(259.5800823 1 1)
(259.8881987 1 1)
(260.1939515 1 1)
(260.4973587 1 1)
(260.7984383 1 1)
(261.0972083 1 1)
(261.3936863 1 1)
(261.6878899 1 1)
(261.9798365 1 1)
(262.2695436 1 1)
(262.5570281 1 1)
(262.8423073 1 1)
(263.125398 1 1)
(263.4063169 1 1)
(263.6850809 1 1)
(263.9617063 1 1)
(264.2362097 1 1)
(264.5086072 1 1)
(264.7789151 1 1)
(265.0471493 1 1)
(265.3133258 1 1)
(265.5774604 1 1)
(265.8395686 1 1)
(266.0996662 1 1)
(266.3577684 1 1)
(266.6138907 1 1)
(266.8680481 1 1)
(267.1202558 1 1)
(267.3705287 1 1)
(267.6188817 1 1)
(267.8653295 1 1)
(268.1098867 1 1)
(268.3525678 1 1)
(268.5933872 1 1)
(268.8323591 1 1)
(269.0694979 1 1)
(269.3048174 1 1)
(269.5383317 1 1)
(269.7700547 1 1)
(270 1 1)
)


// ************************************************************************* //
