/*--------------------------------*- C++ -*----------------------------------*\
| =========                 |                                                 |
| \\      /  F ield         | OpenFOAM: The Open Source CFD Toolbox           |
|  \\    /   O peration     | Version:  2.4.0                                 |
|   \\  /    A nd           | Web:      www.OpenFOAM.org                      |
|    \\/     M anipulation  |                                                 |
\*---------------------------------------------------------------------------*/
FoamFile
{
    version     2.0;
    format      ascii;
    class       volScalarField;
    location    "0.01";
    object      dgdt;
}
// * * * * * * * * * * * * * * * * * * * * * * * * * * * * * * * * * * * * * //

dimensions      [0 0 -1 0 0 0 0];

internalField   nonuniform List<scalar> 
1000
(
0
0
0
0
0
0
0
0
0
-0
-0
-0
-0
-0
-0
-0
-0
-0
-0
-0
-0
-0
-0
-0
-0
-0
-0
-0
-0
-0
-0
-0
0
0
0
0
0
0
0
0
0
0
0
0
0
0
0
0
0
0
0
0
0
0
0
0
0
0
0
0
0
0
0
0
0
0
0
0
-0
0
-0
-0
-0
-0
-0
-0
-0
-0
-0
-0
-0
-0
-0
-0
-0
0
-0
-0
-0
-0
-0
-0
-0
-0
-0
-0
-0
-0
-0
-0
-0
-0
-0
-0
-0
-0
-0
0
-0
-0
-0
0
-0
-0
0
-0
0
-0
-0
-0
-0
0
-0
0
-0
-0
-0
0
-0
0
0
-0
-0
-0
-0
0
0
0
-0
-0
0
-0
0
0
0
0
-0
0
0
-0
-0
0
0
0
-0
-0
0
0
-0
-0
-0
-0
-0
0
0
0
-0
0
-0
-0
0
-0
-0
-0
0
-0
0
0
-0
-0
-0
0
-0
-0
-0
-0
0
-0
-0
0
0
-0
0
0
-0
0
-0
0
0
-0
0
-0
-0
-0
-0
0
0
-0
0
0
0
-0
-0
0
-0
0
-0
0
0
-0
0
0
-0
0
0
0
-0
-0
-0
0
-0
0
-0
-0
0
0
0
-0
-0
-0
-0
0
0
-0
-0
-0
0
0
-0
0
-0
-0
-0
0
-0
0
-0
-0
0
0
-0
-0
-0
-0
-0
0
0
-0
-0
0
-0
-0
0
-0
0
0
0
0
-0
0
0
-0
-0
-0
0
0
0
-0
-0
-0
0
0
-0
-0
0
-0
0
0
-0
0
-0
-0
0
0
-0
-0
0
0
-0
0
0
0
-0
0
-0
0
0
0
-0
0
-0
-0
-0
0
-0
0
-0
0
0
-0
0
0
0
-0
-0
0
0
0
0
-0
0
0
-0
0
-0
-0
0
-0
0
-0
0
-0
0
-0
0
0
0
-0
0
-0
0
-0
-0
-0
-0
0
-0
0
0
0
0
0
-0
-0
0
-0
-0
-0
-0
0
0
0
-0
-0
-0
0
-0
0
0
0
0
-0
0
-0
-0
0
-0
0
-0
-0
-0
-0
0
0
0
-0
-0
-0
-0
-0
-0
-0
-0
0
0
0
-0
0
-0
0
0
-0
-0
0
0
-0
0
-0
0
-0
0
0
0
0
-0
-0
-0
0
-0
0
0
-0
-0
-0
0
-0
0
-0
-0
-0
0
-0
0
-0
0
-0
0
-0
0
0
-0
-0
-0
-0
0
0
-0
-0
0
0
0
0
0
-0
-0
0
0
-0
0
0
0
-0
0
0
0
-0
-0
0
-0
-0
0
-0
-0
0
0
-0
-0
-0
-0
0
-0
0
0
0
0
-0
-0
0
-0
-0
-0
0
-0
-0
-0
0
0
0
0
0
0
0
0
-0
0
0
-0
-0
0
0
0
-0
-0
-0
-0
-0
0
0
0
-0
-0
0
-0
0
0
-0
-0
0
0
-0
0
0
-0
0
0
-0
-0
0
-0
-0
-0
0
0
-0
0
0
-0
-0
0
-0
0
-0
-0
0
-0
0
0
-0
0
-0
-0
0
0
0
0
-0
-0
0
0
0
0
-0
-0
-0
0
-0
0
0
0
0
-0
0
0
-0
0
0
0
-0
0
0
-0
-0
-0
-0
-0
-0
0
0
-0
-0
-0
-0
0
0
0
-0
0
0
-0
-0
-0
0
0
0
0
-0
-0
-0
-0
0
0
-0
-0
0
-0
-0
0
0
0
-0
0
-0
0
0
-0
0
0
-0
-0
-0
0
-0
-0
-0
0
-0
0
0
-0
-0
-0
-0
-0
0
-0
0
0
0
-0
-0
-0
-0
0
-0
0
0
-0
-0
-0
0
-0
0
0
-0
0
0
-0
0
0
-0
0
-0
-0
-0
0
0
-0
0
0
0
-0
-0
-0
0
0
-0
0
0
-0
0
0
-0
-0
0
-0
-0
-0
0
0
-0
0
0
0
0
-0
-0
-0
0
-0
0
0
0
-0
-0
0
-0
-0
0
-0
-0
-0
-0
0
0
-0
0
0
0
-0
-0
-0
0
0
0
-0
-0
-0
-0
0
0
0
-0
0
-0
0
0
-0
-0
0
-0
-0
0
0
0
-0
-0
-0
0
-0
0
0
0
0
-0
-0
0
0
-0
0
0
-0
-0
0
-0
0
0
0
-0
-0
-0
0
0
0
-0
-0
0
0
-0
0
-0
0
-0
-0
0
-0
-0
-0
0
-0
0
-0
0
-0
0
0
0
0
0
0
0
0
0
0
0
0
0
0
0
0
0
0
0
0
0
0
0
0
0
0
0
0
0
0
0
0
0
0
0
0
0
0
0
0
0
0
0
0
0
0
0
0
0
0
0
0
0
0
0
0
0
0
0
0
0
0
0
0
0
0
0
0
0
0
0
0
0
0
0
0
0
0
0
0
0
0
0
0
0
0
0
0
0
0
0
0
0
0
0
0
0
0
0
0
0
0
0
0
0
0
0
0
0
0
0
0
0
0
0
0
0
0
0
0
0
0
0
0
0
0
0
0
0
0
0
0
0
0
0
0
0
0
0
0
0
0
0
0
0
0
0
0
0
0
0
0
0
0
0
0
0
0
6.9132e-16
5.94085e-16
8.93857e-16
1.09877e-15
1.36227e-15
7.72761e-16
8.16913e-16
1.06433e-15
-1.10537e-13
)
;

boundaryField
{
    sideLeft
    {
        type            symmetryPlane;
    }
    sideRight
    {
        type            calculated;
        value           uniform -1.10537e-13;
    }
    topbottom
    {
        type            empty;
    }
    frontback
    {
        type            empty;
    }
}


// ************************************************************************* //
