/*--------------------------------*- C++ -*----------------------------------*\
| =========                 |                                                 |
| \\      /  F ield         | OpenFOAM: The Open Source CFD Toolbox           |
|  \\    /   O peration     | Version:  2.4.0                                 |
|   \\  /    A nd           | Web:      www.OpenFOAM.org                      |
|    \\/     M anipulation  |                                                 |
\*---------------------------------------------------------------------------*/
FoamFile
{
    version     2.0;
    format      ascii;
    class       volScalarField;
    location    "0.01";
    object      p;
}
// * * * * * * * * * * * * * * * * * * * * * * * * * * * * * * * * * * * * * //

dimensions      [1 -1 -2 0 0 0 0];

internalField   nonuniform List<scalar> 
1000
(
1.9447e+06
1.9447e+06
1.9447e+06
1.9447e+06
1.9447e+06
1.9447e+06
1.9447e+06
1.9447e+06
1.9447e+06
1.9447e+06
1.9447e+06
1.9447e+06
1.9447e+06
1.9447e+06
1.9447e+06
1.9447e+06
1.9447e+06
1.9447e+06
1.9447e+06
1.9447e+06
1.9447e+06
1.9447e+06
1.9447e+06
1.9447e+06
1.9447e+06
1.9447e+06
1.9447e+06
1.9447e+06
1.9447e+06
1.9447e+06
1.9447e+06
1.9447e+06
1.9447e+06
1.9447e+06
1.9447e+06
1.9447e+06
1.9447e+06
1.9447e+06
1.9447e+06
1.9447e+06
1.9447e+06
1.9447e+06
1.9447e+06
1.9447e+06
1.9447e+06
1.9447e+06
1.9447e+06
1.9447e+06
1.9447e+06
1.9447e+06
1.9447e+06
1.9447e+06
1.9447e+06
1.9447e+06
1.9447e+06
1.9447e+06
1.9447e+06
1.9447e+06
1.9447e+06
1.9447e+06
1.9447e+06
1.9447e+06
1.9447e+06
1.9447e+06
1.9447e+06
1.9447e+06
1.9447e+06
1.9447e+06
1.9447e+06
1.9447e+06
1.9447e+06
1.9447e+06
1.9447e+06
1.9447e+06
1.9447e+06
1.9447e+06
1.9447e+06
1.9447e+06
1.9447e+06
1.9447e+06
1.9447e+06
1.9447e+06
1.9447e+06
1.9447e+06
1.9447e+06
1.9447e+06
1.9447e+06
1.9447e+06
1.9447e+06
1.9447e+06
1.9447e+06
1.9447e+06
1.9447e+06
1.9447e+06
1.9447e+06
1.9447e+06
1.9447e+06
1.9447e+06
1.9447e+06
1.9447e+06
1.9447e+06
1.9447e+06
1.9447e+06
1.9447e+06
1.9447e+06
1.9447e+06
1.9447e+06
1.9447e+06
1.9447e+06
1.9447e+06
1.9447e+06
1.9447e+06
1.9447e+06
1.9447e+06
1.9447e+06
1.9447e+06
1.9447e+06
1.9447e+06
1.9447e+06
1.9447e+06
1.9447e+06
1.9447e+06
1.9447e+06
1.9447e+06
1.9447e+06
1.9447e+06
1.9447e+06
1.9447e+06
1.9447e+06
1.9447e+06
1.9447e+06
1.9447e+06
1.9447e+06
1.9447e+06
1.9447e+06
1.9447e+06
1.9447e+06
1.9447e+06
1.9447e+06
1.9447e+06
1.9447e+06
1.9447e+06
1.9447e+06
1.9447e+06
1.9447e+06
1.9447e+06
1.9447e+06
1.9447e+06
1.9447e+06
1.9447e+06
1.9447e+06
1.9447e+06
1.9447e+06
1.9447e+06
1.9447e+06
1.9447e+06
1.9447e+06
1.9447e+06
1.9447e+06
1.9447e+06
1.9447e+06
1.9447e+06
1.9447e+06
1.9447e+06
1.9447e+06
1.9447e+06
1.9447e+06
1.9447e+06
1.9447e+06
1.9447e+06
1.9447e+06
1.9447e+06
1.9447e+06
1.9447e+06
1.9447e+06
1.9447e+06
1.9447e+06
1.9447e+06
1.9447e+06
1.9447e+06
1.9447e+06
1.9447e+06
1.9447e+06
1.9447e+06
1.9447e+06
1.9447e+06
1.9447e+06
1.9447e+06
1.9447e+06
1.9447e+06
1.9447e+06
1.9447e+06
1.9447e+06
1.9447e+06
1.9447e+06
1.9447e+06
1.9447e+06
1.9447e+06
1.9447e+06
1.9447e+06
1.9447e+06
1.9447e+06
1.9447e+06
1.9447e+06
1.9447e+06
1.9447e+06
1.9447e+06
1.9447e+06
1.9447e+06
1.9447e+06
1.9447e+06
1.9447e+06
1.9447e+06
1.9447e+06
1.9447e+06
1.9447e+06
1.9447e+06
1.9447e+06
1.9447e+06
1.9447e+06
1.9447e+06
1.9447e+06
1.9447e+06
1.9447e+06
1.9447e+06
1.9447e+06
1.9447e+06
1.9447e+06
1.9447e+06
1.9447e+06
1.9447e+06
1.9447e+06
1.9447e+06
1.9447e+06
1.9447e+06
1.9447e+06
1.9447e+06
1.9447e+06
1.9447e+06
1.9447e+06
1.9447e+06
1.9447e+06
1.9447e+06
1.9447e+06
1.9447e+06
1.9447e+06
1.9447e+06
1.9447e+06
1.9447e+06
1.9447e+06
1.9447e+06
1.9447e+06
1.9447e+06
1.9447e+06
1.9447e+06
1.9447e+06
1.9447e+06
1.9447e+06
1.9447e+06
1.9447e+06
1.9447e+06
1.9447e+06
1.9447e+06
1.9447e+06
1.9447e+06
1.9447e+06
1.9447e+06
1.9447e+06
1.9447e+06
1.9447e+06
1.9447e+06
1.9447e+06
1.9447e+06
1.9447e+06
1.9447e+06
1.9447e+06
1.9447e+06
1.9447e+06
1.9447e+06
1.9447e+06
1.9447e+06
1.9447e+06
1.9447e+06
1.9447e+06
1.9447e+06
1.9447e+06
1.9447e+06
1.9447e+06
1.9447e+06
1.9447e+06
1.9447e+06
1.9447e+06
1.9447e+06
1.9447e+06
1.9447e+06
1.9447e+06
1.9447e+06
1.9447e+06
1.9447e+06
1.9447e+06
1.9447e+06
1.9447e+06
1.9447e+06
1.9447e+06
1.9447e+06
1.9447e+06
1.9447e+06
1.9447e+06
1.9447e+06
1.9447e+06
1.9447e+06
1.9447e+06
1.9447e+06
1.9447e+06
1.9447e+06
1.9447e+06
1.9447e+06
1.9447e+06
1.9447e+06
1.9447e+06
1.9447e+06
1.9447e+06
1.9447e+06
1.9447e+06
1.9447e+06
1.9447e+06
1.9447e+06
1.9447e+06
1.9447e+06
1.9447e+06
1.9447e+06
1.9447e+06
1.9447e+06
1.9447e+06
1.9447e+06
1.9447e+06
1.9447e+06
1.9447e+06
1.9447e+06
1.9447e+06
1.9447e+06
1.9447e+06
1.9447e+06
1.9447e+06
1.9447e+06
1.9447e+06
1.9447e+06
1.9447e+06
1.9447e+06
1.9447e+06
1.9447e+06
1.9447e+06
1.9447e+06
1.9447e+06
1.9447e+06
1.9447e+06
1.9447e+06
1.9447e+06
1.9447e+06
1.9447e+06
1.9447e+06
1.9447e+06
1.9447e+06
1.9447e+06
1.9447e+06
1.9447e+06
1.9447e+06
1.9447e+06
1.9447e+06
1.9447e+06
1.9447e+06
1.9447e+06
1.9447e+06
1.9447e+06
1.9447e+06
1.9447e+06
1.9447e+06
1.9447e+06
1.9447e+06
1.9447e+06
1.9447e+06
1.9447e+06
1.9447e+06
1.9447e+06
1.9447e+06
1.9447e+06
1.9447e+06
1.9447e+06
1.9447e+06
1.9447e+06
1.9447e+06
1.9447e+06
1.9447e+06
1.9447e+06
1.9447e+06
1.9447e+06
1.9447e+06
1.9447e+06
1.9447e+06
1.9447e+06
1.9447e+06
1.9447e+06
1.9447e+06
1.9447e+06
1.9447e+06
1.9447e+06
1.9447e+06
1.9447e+06
1.9447e+06
1.9447e+06
1.9447e+06
1.9447e+06
1.9447e+06
1.9447e+06
1.9447e+06
1.9447e+06
1.9447e+06
1.9447e+06
1.9447e+06
1.9447e+06
1.9447e+06
1.9447e+06
1.9447e+06
1.9447e+06
1.9447e+06
1.9447e+06
1.9447e+06
1.9447e+06
1.9447e+06
1.9447e+06
1.9447e+06
1.9447e+06
1.9447e+06
1.9447e+06
1.9447e+06
1.9447e+06
1.9447e+06
1.9447e+06
1.9447e+06
1.9447e+06
1.9447e+06
1.9447e+06
1.9447e+06
1.9447e+06
1.9447e+06
1.9447e+06
1.9447e+06
1.9447e+06
1.9447e+06
1.9447e+06
1.9447e+06
1.9447e+06
1.9447e+06
1.9447e+06
1.9447e+06
1.9447e+06
1.9447e+06
1.9447e+06
1.9447e+06
1.9447e+06
1.9447e+06
1.9447e+06
1.9447e+06
1.9447e+06
1.9447e+06
1.9447e+06
1.9447e+06
1.9447e+06
1.9447e+06
1.9447e+06
1.9447e+06
1.9447e+06
1.9447e+06
1.9447e+06
1.9447e+06
1.9447e+06
1.9447e+06
1.9447e+06
1.9447e+06
1.9447e+06
1.9447e+06
1.9447e+06
1.9447e+06
1.9447e+06
1.9447e+06
1.9447e+06
1.9447e+06
1.9447e+06
1.9447e+06
1.9447e+06
1.9447e+06
1.9447e+06
1.9447e+06
1.9447e+06
1.9447e+06
1.9447e+06
1.9447e+06
1.9447e+06
1.9447e+06
1.9447e+06
1.9447e+06
1.9447e+06
1.9447e+06
1.9447e+06
1.9447e+06
1.9447e+06
1.9447e+06
1.9447e+06
1.9447e+06
1.9447e+06
1.9447e+06
1.9447e+06
1.9447e+06
1.9447e+06
1.9447e+06
1.9447e+06
1.9447e+06
1.9447e+06
1.9447e+06
1.9447e+06
1.9447e+06
1.9447e+06
1.9447e+06
1.9447e+06
1.9447e+06
1.9447e+06
1.9447e+06
1.9447e+06
1.9447e+06
1.9447e+06
1.9447e+06
1.9447e+06
1.9447e+06
1.9447e+06
1.9447e+06
1.9447e+06
1.9447e+06
1.9447e+06
1.9447e+06
1.9447e+06
1.9447e+06
1.9447e+06
1.9447e+06
1.9447e+06
1.9447e+06
1.9447e+06
1.9447e+06
1.9447e+06
1.9447e+06
1.9447e+06
1.9447e+06
1.9447e+06
1.9447e+06
1.9447e+06
1.9447e+06
1.9447e+06
1.9447e+06
1.9447e+06
1.9447e+06
1.9447e+06
1.9447e+06
1.9447e+06
1.9447e+06
1.9447e+06
1.9447e+06
1.9447e+06
1.9447e+06
1.9447e+06
1.9447e+06
1.9447e+06
1.9447e+06
1.9447e+06
1.9447e+06
1.9447e+06
1.9447e+06
1.9447e+06
1.9447e+06
1.9447e+06
1.9447e+06
1.9447e+06
1.9447e+06
1.9447e+06
1.9447e+06
1.9447e+06
1.9447e+06
1.9447e+06
1.9447e+06
1.9447e+06
1.9447e+06
1.9447e+06
1.9447e+06
1.9447e+06
1.9447e+06
1.9447e+06
1.9447e+06
1.9447e+06
1.9447e+06
1.9447e+06
1.9447e+06
1.9447e+06
1.9447e+06
1.9447e+06
1.9447e+06
1.9447e+06
1.9447e+06
1.9447e+06
1.9447e+06
1.9447e+06
1.9447e+06
1.9447e+06
1.9447e+06
1.9447e+06
1.9447e+06
1.9447e+06
1.9447e+06
1.9447e+06
1.9447e+06
1.9447e+06
1.9447e+06
1.9447e+06
1.9447e+06
1.9447e+06
1.9447e+06
1.9447e+06
1.9447e+06
1.9447e+06
1.9447e+06
1.9447e+06
1.9447e+06
1.9447e+06
1.9447e+06
1.9447e+06
1.9447e+06
1.9447e+06
1.9447e+06
1.9447e+06
1.9447e+06
1.9447e+06
1.9447e+06
1.9447e+06
1.9447e+06
1.9447e+06
1.9447e+06
1.9447e+06
1.9447e+06
1.9447e+06
1.9447e+06
1.9447e+06
1.9447e+06
1.9447e+06
1.9447e+06
1.9447e+06
1.9447e+06
1.9447e+06
1.9447e+06
1.9447e+06
1.9447e+06
1.9447e+06
1.9447e+06
1.9447e+06
1.9447e+06
1.9447e+06
1.9447e+06
1.9447e+06
1.9447e+06
1.9447e+06
1.9447e+06
1.9447e+06
1.9447e+06
1.9447e+06
1.9447e+06
1.9447e+06
1.9447e+06
1.9447e+06
1.9447e+06
1.9447e+06
1.9447e+06
1.9447e+06
1.9447e+06
1.9447e+06
1.9447e+06
1.9447e+06
1.9447e+06
1.9447e+06
1.9447e+06
1.9447e+06
1.9447e+06
1.9447e+06
1.9447e+06
1.9447e+06
1.9447e+06
1.9447e+06
1.9447e+06
1.9447e+06
1.9447e+06
1.9447e+06
1.9447e+06
1.9447e+06
1.9447e+06
1.9447e+06
1.9447e+06
1.9447e+06
1.9447e+06
1.9447e+06
1.9447e+06
1.9447e+06
1.9447e+06
1.9447e+06
1.9447e+06
1.9447e+06
1.9447e+06
1.9447e+06
1.9447e+06
1.9447e+06
1.9447e+06
1.9447e+06
1.9447e+06
1.9447e+06
1.9447e+06
1.9447e+06
1.9447e+06
1.9447e+06
1.9447e+06
1.9447e+06
1.9447e+06
1.9447e+06
1.9447e+06
1.9447e+06
1.9447e+06
1.9447e+06
1.9447e+06
1.9447e+06
1.9447e+06
1.9447e+06
1.9447e+06
1.9447e+06
1.9447e+06
1.9447e+06
1.9447e+06
1.9447e+06
1.9447e+06
1.9447e+06
1.9447e+06
1.9447e+06
1.9447e+06
1.9447e+06
1.9447e+06
1.9447e+06
1.9447e+06
1.9447e+06
1.9447e+06
1.9447e+06
1.9447e+06
1.9447e+06
1.9447e+06
1.9447e+06
1.9447e+06
1.9447e+06
1.9447e+06
1.9447e+06
1.9447e+06
1.9447e+06
1.9447e+06
1.9447e+06
1.9447e+06
1.9447e+06
1.9447e+06
1.9447e+06
1.9447e+06
1.9447e+06
1.9447e+06
1.9447e+06
1.9447e+06
1.9447e+06
1.9447e+06
1.9447e+06
1.9447e+06
1.9447e+06
1.9447e+06
1.9447e+06
1.9447e+06
1.9447e+06
1.9447e+06
1.9447e+06
1.9447e+06
1.9447e+06
1.9447e+06
1.9447e+06
1.9447e+06
1.9447e+06
1.9447e+06
1.9447e+06
1.9447e+06
1.9447e+06
1.9447e+06
1.9447e+06
1.9447e+06
1.9447e+06
1.9447e+06
1.9447e+06
1.9447e+06
1.9447e+06
1.9447e+06
1.9447e+06
1.9447e+06
1.9447e+06
1.9447e+06
1.9447e+06
1.9447e+06
1.9447e+06
1.9447e+06
1.9447e+06
1.9447e+06
1.9447e+06
1.9447e+06
1.9447e+06
1.9447e+06
1.9447e+06
1.9447e+06
1.9447e+06
1.9447e+06
1.9447e+06
1.9447e+06
1.9447e+06
1.9447e+06
1.9447e+06
1.9447e+06
1.9447e+06
1.9447e+06
1.9447e+06
1.9447e+06
1.9447e+06
1.9447e+06
1.9447e+06
1.9447e+06
1.9447e+06
1.9447e+06
1.9447e+06
1.9447e+06
1.9447e+06
1.9447e+06
1.9447e+06
1.9447e+06
1.9447e+06
1.9447e+06
1.9447e+06
1.9447e+06
1.9447e+06
1.9447e+06
1.9447e+06
1.9447e+06
1.9447e+06
1.9447e+06
1.9447e+06
1.9447e+06
1.9447e+06
1.9447e+06
1.9447e+06
1.9447e+06
1.9447e+06
1.9447e+06
1.9447e+06
1.9447e+06
1.9447e+06
1.9447e+06
1.9447e+06
1.9447e+06
1.9447e+06
1.9447e+06
1.9447e+06
1.9447e+06
1.9447e+06
1.9447e+06
1.9447e+06
1.9447e+06
1.9447e+06
1.9447e+06
1.9447e+06
1.9447e+06
1.9447e+06
1.9447e+06
1.9447e+06
1.9447e+06
1.9447e+06
1.9447e+06
1.9447e+06
1.9447e+06
1.9447e+06
1.9447e+06
1.9447e+06
1.94469e+06
1.94469e+06
1.94469e+06
1.94469e+06
1.94469e+06
1.94469e+06
1.94469e+06
1.94469e+06
1.94469e+06
1.94469e+06
1.94468e+06
1.94468e+06
1.94468e+06
1.94467e+06
1.94467e+06
1.94467e+06
1.94466e+06
1.94465e+06
1.94465e+06
1.94464e+06
1.94462e+06
1.94461e+06
1.9446e+06
1.94458e+06
1.94456e+06
1.94453e+06
1.94451e+06
1.94447e+06
1.94444e+06
1.94439e+06
1.94434e+06
1.94428e+06
1.94421e+06
1.94413e+06
1.94404e+06
1.94393e+06
1.94381e+06
1.94366e+06
1.9435e+06
1.94331e+06
1.9431e+06
1.94285e+06
1.94257e+06
1.94225e+06
1.94188e+06
1.94147e+06
1.941e+06
1.94047e+06
1.93987e+06
1.93919e+06
1.93843e+06
1.93757e+06
1.93662e+06
1.93555e+06
1.93435e+06
1.93303e+06
1.93155e+06
1.92992e+06
1.92812e+06
1.92614e+06
1.92396e+06
1.92157e+06
1.91897e+06
1.91613e+06
1.91304e+06
1.9097e+06
1.9061e+06
1.90222e+06
1.89806e+06
1.89361e+06
1.88887e+06
1.88384e+06
1.87852e+06
1.87291e+06
1.86703e+06
1.86089e+06
1.8545e+06
1.84788e+06
1.84105e+06
1.83406e+06
1.82692e+06
1.81968e+06
1.81237e+06
1.80504e+06
1.79774e+06
1.79051e+06
1.78339e+06
1.77643e+06
1.76967e+06
1.76315e+06
1.75687e+06
1.75086e+06
1.74513e+06
1.73965e+06
1.7344e+06
1.72935e+06
1.72444e+06
1.71962e+06
1.71483e+06
1.71001e+06
1.70508e+06
1.70001e+06
1.69474e+06
1.68924e+06
1.68353e+06
1.6776e+06
1.67157e+06
1.66561e+06
1.65949e+06
1.65379e+06
)
;

boundaryField
{
    sideLeft
    {
        type            symmetryPlane;
    }
    sideRight
    {
        type            myWaveTransmissive;
        psi             psi_bulk;
        gamma           1.4;
        fieldInf        100000;
        lInf            10;
        value           uniform 1.64876e+06;
    }
    topbottom
    {
        type            empty;
    }
    frontback
    {
        type            empty;
    }
}


// ************************************************************************* //
