/*--------------------------------*- C++ -*----------------------------------*\
| =========                 |                                                 |
| \\      /  F ield         | OpenFOAM: The Open Source CFD Toolbox           |
|  \\    /   O peration     | Version:  2.4.0                                 |
|   \\  /    A nd           | Web:      www.OpenFOAM.org                      |
|    \\/     M anipulation  |                                                 |
\*---------------------------------------------------------------------------*/
FoamFile
{
    version     2.0;
    format      ascii;
    class       volScalarField;
    location    "0.01";
    object      pMean;
}
// * * * * * * * * * * * * * * * * * * * * * * * * * * * * * * * * * * * * * //

dimensions      [1 -1 -2 0 0 0 0];

internalField   nonuniform List<scalar> 
1000
(
1.94481e+06
1.94481e+06
1.94481e+06
1.94481e+06
1.94481e+06
1.94481e+06
1.94481e+06
1.94481e+06
1.94481e+06
1.94481e+06
1.94481e+06
1.94481e+06
1.94481e+06
1.94481e+06
1.94481e+06
1.94481e+06
1.94481e+06
1.94481e+06
1.94481e+06
1.94481e+06
1.94481e+06
1.94481e+06
1.94481e+06
1.94481e+06
1.94481e+06
1.94481e+06
1.94481e+06
1.94481e+06
1.94481e+06
1.94481e+06
1.94481e+06
1.94481e+06
1.94481e+06
1.94481e+06
1.94481e+06
1.94481e+06
1.94481e+06
1.94481e+06
1.94481e+06
1.94481e+06
1.94481e+06
1.94481e+06
1.94481e+06
1.94481e+06
1.94481e+06
1.94481e+06
1.94481e+06
1.94481e+06
1.94481e+06
1.94481e+06
1.94481e+06
1.94481e+06
1.94481e+06
1.94481e+06
1.94481e+06
1.94481e+06
1.94481e+06
1.94481e+06
1.94481e+06
1.94481e+06
1.94481e+06
1.94481e+06
1.94481e+06
1.94481e+06
1.94481e+06
1.94481e+06
1.94481e+06
1.94481e+06
1.94481e+06
1.94481e+06
1.94481e+06
1.94481e+06
1.94481e+06
1.94481e+06
1.94481e+06
1.94481e+06
1.94481e+06
1.94481e+06
1.94481e+06
1.94481e+06
1.94481e+06
1.94481e+06
1.94481e+06
1.94481e+06
1.94481e+06
1.94481e+06
1.94481e+06
1.94481e+06
1.94481e+06
1.94481e+06
1.94481e+06
1.94481e+06
1.94481e+06
1.94481e+06
1.94481e+06
1.94481e+06
1.94481e+06
1.94481e+06
1.94481e+06
1.94481e+06
1.94481e+06
1.94481e+06
1.94481e+06
1.94481e+06
1.94481e+06
1.94481e+06
1.94481e+06
1.94481e+06
1.94481e+06
1.94481e+06
1.94481e+06
1.94481e+06
1.94481e+06
1.94481e+06
1.94481e+06
1.94481e+06
1.94481e+06
1.94481e+06
1.94481e+06
1.94481e+06
1.94481e+06
1.94481e+06
1.94481e+06
1.94481e+06
1.94481e+06
1.94481e+06
1.94481e+06
1.94481e+06
1.94481e+06
1.94481e+06
1.94481e+06
1.94481e+06
1.94481e+06
1.94481e+06
1.94481e+06
1.94481e+06
1.94481e+06
1.94481e+06
1.94481e+06
1.94481e+06
1.94481e+06
1.94481e+06
1.94481e+06
1.94481e+06
1.94481e+06
1.94481e+06
1.94481e+06
1.94481e+06
1.94481e+06
1.94481e+06
1.94481e+06
1.94481e+06
1.94481e+06
1.94481e+06
1.94481e+06
1.94481e+06
1.94481e+06
1.94481e+06
1.94481e+06
1.94481e+06
1.94481e+06
1.94481e+06
1.94481e+06
1.94481e+06
1.94481e+06
1.94481e+06
1.94481e+06
1.94481e+06
1.94481e+06
1.94481e+06
1.94481e+06
1.94481e+06
1.94481e+06
1.94481e+06
1.94481e+06
1.94481e+06
1.94481e+06
1.94481e+06
1.94481e+06
1.94481e+06
1.94481e+06
1.94481e+06
1.94481e+06
1.94481e+06
1.94481e+06
1.94481e+06
1.94481e+06
1.94481e+06
1.94481e+06
1.94481e+06
1.94481e+06
1.94481e+06
1.94481e+06
1.94481e+06
1.94481e+06
1.94481e+06
1.94481e+06
1.94481e+06
1.94481e+06
1.94481e+06
1.94481e+06
1.94481e+06
1.94481e+06
1.94481e+06
1.94481e+06
1.94481e+06
1.94481e+06
1.94481e+06
1.94481e+06
1.94481e+06
1.94481e+06
1.94481e+06
1.94481e+06
1.94481e+06
1.94481e+06
1.94481e+06
1.94481e+06
1.94481e+06
1.94481e+06
1.94481e+06
1.94481e+06
1.94481e+06
1.94481e+06
1.94481e+06
1.94481e+06
1.94481e+06
1.94481e+06
1.94481e+06
1.94481e+06
1.94481e+06
1.94481e+06
1.94481e+06
1.94481e+06
1.94481e+06
1.94481e+06
1.94481e+06
1.94481e+06
1.94481e+06
1.94481e+06
1.94481e+06
1.94481e+06
1.94481e+06
1.94481e+06
1.94481e+06
1.94481e+06
1.94481e+06
1.94481e+06
1.94481e+06
1.94481e+06
1.94481e+06
1.94481e+06
1.94481e+06
1.94481e+06
1.94481e+06
1.94481e+06
1.94481e+06
1.94481e+06
1.94481e+06
1.94481e+06
1.94481e+06
1.94481e+06
1.94481e+06
1.94481e+06
1.94481e+06
1.94481e+06
1.94481e+06
1.94481e+06
1.94481e+06
1.94481e+06
1.94481e+06
1.94481e+06
1.94481e+06
1.94481e+06
1.94481e+06
1.94481e+06
1.94481e+06
1.94481e+06
1.94481e+06
1.94481e+06
1.94481e+06
1.94481e+06
1.94481e+06
1.94481e+06
1.94481e+06
1.94481e+06
1.94481e+06
1.94481e+06
1.94481e+06
1.94481e+06
1.94481e+06
1.94481e+06
1.94481e+06
1.94481e+06
1.94481e+06
1.94481e+06
1.94481e+06
1.94481e+06
1.94481e+06
1.94481e+06
1.94481e+06
1.94481e+06
1.94481e+06
1.94481e+06
1.94481e+06
1.94481e+06
1.94481e+06
1.94481e+06
1.94481e+06
1.94481e+06
1.94481e+06
1.94481e+06
1.94481e+06
1.94481e+06
1.94481e+06
1.94481e+06
1.94481e+06
1.94481e+06
1.94481e+06
1.94481e+06
1.94481e+06
1.94481e+06
1.94481e+06
1.94481e+06
1.94481e+06
1.94481e+06
1.94481e+06
1.94481e+06
1.94481e+06
1.94481e+06
1.94481e+06
1.94481e+06
1.94481e+06
1.94481e+06
1.94481e+06
1.94481e+06
1.94481e+06
1.94481e+06
1.94481e+06
1.94481e+06
1.94481e+06
1.94481e+06
1.94481e+06
1.94481e+06
1.94481e+06
1.94481e+06
1.94481e+06
1.94481e+06
1.94481e+06
1.94481e+06
1.94481e+06
1.94481e+06
1.94481e+06
1.94481e+06
1.94481e+06
1.94481e+06
1.94481e+06
1.94481e+06
1.94481e+06
1.94481e+06
1.94481e+06
1.94481e+06
1.94481e+06
1.94481e+06
1.94481e+06
1.94481e+06
1.94481e+06
1.94481e+06
1.94481e+06
1.94481e+06
1.94481e+06
1.94481e+06
1.94481e+06
1.94481e+06
1.94481e+06
1.94481e+06
1.94481e+06
1.94481e+06
1.94481e+06
1.94481e+06
1.94481e+06
1.94481e+06
1.94481e+06
1.94481e+06
1.94481e+06
1.94481e+06
1.94481e+06
1.94481e+06
1.94481e+06
1.94481e+06
1.94481e+06
1.94481e+06
1.94481e+06
1.94481e+06
1.94481e+06
1.94481e+06
1.94481e+06
1.94481e+06
1.94481e+06
1.94481e+06
1.94481e+06
1.94481e+06
1.94481e+06
1.94481e+06
1.94481e+06
1.94481e+06
1.94481e+06
1.94481e+06
1.94481e+06
1.94481e+06
1.94481e+06
1.94481e+06
1.94481e+06
1.94481e+06
1.94481e+06
1.94481e+06
1.94481e+06
1.94481e+06
1.94481e+06
1.94481e+06
1.94481e+06
1.94481e+06
1.94481e+06
1.94481e+06
1.94481e+06
1.94481e+06
1.94481e+06
1.94481e+06
1.94481e+06
1.94481e+06
1.94481e+06
1.94481e+06
1.94481e+06
1.94481e+06
1.94481e+06
1.94481e+06
1.94481e+06
1.94481e+06
1.94481e+06
1.94481e+06
1.94481e+06
1.94481e+06
1.94481e+06
1.94481e+06
1.94481e+06
1.94481e+06
1.94481e+06
1.94481e+06
1.94481e+06
1.94481e+06
1.94481e+06
1.94481e+06
1.94481e+06
1.94481e+06
1.94481e+06
1.94481e+06
1.94481e+06
1.94481e+06
1.94481e+06
1.94481e+06
1.94481e+06
1.94481e+06
1.94481e+06
1.94481e+06
1.94481e+06
1.94481e+06
1.94481e+06
1.94481e+06
1.94481e+06
1.94481e+06
1.94481e+06
1.94481e+06
1.94481e+06
1.94481e+06
1.94481e+06
1.94481e+06
1.94481e+06
1.94481e+06
1.94481e+06
1.94481e+06
1.94481e+06
1.94481e+06
1.94481e+06
1.94481e+06
1.94481e+06
1.94481e+06
1.94481e+06
1.94481e+06
1.94481e+06
1.94481e+06
1.94481e+06
1.94481e+06
1.94481e+06
1.94481e+06
1.94481e+06
1.94481e+06
1.94481e+06
1.94481e+06
1.94481e+06
1.94481e+06
1.94481e+06
1.94481e+06
1.94481e+06
1.94481e+06
1.94481e+06
1.94481e+06
1.94481e+06
1.94481e+06
1.94481e+06
1.94481e+06
1.94481e+06
1.94481e+06
1.94481e+06
1.94481e+06
1.94481e+06
1.94481e+06
1.94481e+06
1.94481e+06
1.94481e+06
1.94481e+06
1.94481e+06
1.94481e+06
1.94481e+06
1.94481e+06
1.94481e+06
1.94481e+06
1.94481e+06
1.94481e+06
1.94481e+06
1.94481e+06
1.94481e+06
1.94481e+06
1.94481e+06
1.94481e+06
1.94481e+06
1.94481e+06
1.94481e+06
1.94481e+06
1.94481e+06
1.94481e+06
1.94481e+06
1.94481e+06
1.94481e+06
1.94481e+06
1.94481e+06
1.94481e+06
1.94481e+06
1.94481e+06
1.94481e+06
1.94481e+06
1.94481e+06
1.94481e+06
1.94481e+06
1.94481e+06
1.94481e+06
1.94481e+06
1.94481e+06
1.94481e+06
1.94481e+06
1.94481e+06
1.94481e+06
1.94481e+06
1.94481e+06
1.94481e+06
1.94481e+06
1.94481e+06
1.94481e+06
1.94481e+06
1.94481e+06
1.94481e+06
1.94481e+06
1.94481e+06
1.94481e+06
1.94481e+06
1.94481e+06
1.94481e+06
1.94481e+06
1.94481e+06
1.94481e+06
1.94481e+06
1.94481e+06
1.94481e+06
1.94481e+06
1.94481e+06
1.94481e+06
1.94481e+06
1.94481e+06
1.94481e+06
1.94481e+06
1.94481e+06
1.94481e+06
1.94481e+06
1.94481e+06
1.94481e+06
1.94481e+06
1.94481e+06
1.94481e+06
1.94481e+06
1.94481e+06
1.94481e+06
1.94481e+06
1.94481e+06
1.94481e+06
1.94481e+06
1.94481e+06
1.94481e+06
1.94481e+06
1.94481e+06
1.94481e+06
1.94481e+06
1.94481e+06
1.94481e+06
1.94481e+06
1.94481e+06
1.94481e+06
1.94481e+06
1.94481e+06
1.94481e+06
1.94481e+06
1.94481e+06
1.94481e+06
1.94481e+06
1.94481e+06
1.94481e+06
1.94481e+06
1.94481e+06
1.94481e+06
1.94481e+06
1.94481e+06
1.94481e+06
1.94481e+06
1.94481e+06
1.94481e+06
1.94481e+06
1.94481e+06
1.94481e+06
1.94481e+06
1.94481e+06
1.94481e+06
1.94481e+06
1.94481e+06
1.94481e+06
1.94481e+06
1.94481e+06
1.94481e+06
1.94481e+06
1.94481e+06
1.94481e+06
1.94481e+06
1.94481e+06
1.94481e+06
1.94481e+06
1.94481e+06
1.94481e+06
1.94481e+06
1.94481e+06
1.94481e+06
1.94481e+06
1.94481e+06
1.94481e+06
1.94481e+06
1.94481e+06
1.94481e+06
1.94481e+06
1.94481e+06
1.94481e+06
1.94481e+06
1.94481e+06
1.94481e+06
1.94481e+06
1.94481e+06
1.94481e+06
1.94481e+06
1.94481e+06
1.94481e+06
1.94481e+06
1.94481e+06
1.94481e+06
1.94481e+06
1.94481e+06
1.94481e+06
1.94481e+06
1.94481e+06
1.94481e+06
1.94481e+06
1.94481e+06
1.94481e+06
1.94481e+06
1.94481e+06
1.94481e+06
1.94481e+06
1.94481e+06
1.94481e+06
1.94481e+06
1.94481e+06
1.94481e+06
1.94481e+06
1.94481e+06
1.94481e+06
1.94481e+06
1.94481e+06
1.94481e+06
1.94481e+06
1.94481e+06
1.94481e+06
1.94481e+06
1.94481e+06
1.94481e+06
1.94481e+06
1.94481e+06
1.94481e+06
1.94481e+06
1.94481e+06
1.94481e+06
1.94481e+06
1.94481e+06
1.94481e+06
1.94481e+06
1.94481e+06
1.94481e+06
1.94481e+06
1.94481e+06
1.94481e+06
1.94481e+06
1.94481e+06
1.94481e+06
1.94481e+06
1.94481e+06
1.94481e+06
1.94481e+06
1.94481e+06
1.94481e+06
1.94481e+06
1.94481e+06
1.94481e+06
1.94481e+06
1.94481e+06
1.94481e+06
1.94481e+06
1.94481e+06
1.94481e+06
1.94481e+06
1.94481e+06
1.94481e+06
1.94481e+06
1.94481e+06
1.94481e+06
1.94481e+06
1.94481e+06
1.94481e+06
1.94481e+06
1.94481e+06
1.94481e+06
1.94481e+06
1.94481e+06
1.94481e+06
1.94481e+06
1.94481e+06
1.94481e+06
1.94481e+06
1.94481e+06
1.94481e+06
1.94481e+06
1.94481e+06
1.94481e+06
1.94481e+06
1.94481e+06
1.94481e+06
1.94481e+06
1.94481e+06
1.94481e+06
1.94481e+06
1.94481e+06
1.94481e+06
1.94481e+06
1.94481e+06
1.94481e+06
1.94481e+06
1.94481e+06
1.94481e+06
1.94481e+06
1.94481e+06
1.94481e+06
1.94481e+06
1.94481e+06
1.94481e+06
1.94481e+06
1.94481e+06
1.94481e+06
1.94481e+06
1.94481e+06
1.94481e+06
1.94481e+06
1.94481e+06
1.94481e+06
1.94481e+06
1.94481e+06
1.94481e+06
1.94481e+06
1.94481e+06
1.94481e+06
1.94481e+06
1.94481e+06
1.94481e+06
1.94481e+06
1.94481e+06
1.94481e+06
1.94481e+06
1.94481e+06
1.94481e+06
1.94481e+06
1.94481e+06
1.94481e+06
1.94481e+06
1.94481e+06
1.94481e+06
1.94481e+06
1.94481e+06
1.94481e+06
1.94481e+06
1.94481e+06
1.94481e+06
1.94481e+06
1.94481e+06
1.94481e+06
1.94481e+06
1.94481e+06
1.94481e+06
1.94481e+06
1.94481e+06
1.94481e+06
1.94481e+06
1.94481e+06
1.94481e+06
1.94481e+06
1.94481e+06
1.94481e+06
1.94481e+06
1.94481e+06
1.94481e+06
1.94481e+06
1.94481e+06
1.94481e+06
1.94481e+06
1.94481e+06
1.94481e+06
1.94481e+06
1.94481e+06
1.94481e+06
1.94481e+06
1.94481e+06
1.94481e+06
1.94481e+06
1.94481e+06
1.94481e+06
1.94481e+06
1.94481e+06
1.94481e+06
1.94481e+06
1.94481e+06
1.94481e+06
1.94481e+06
1.94481e+06
1.94481e+06
1.94481e+06
1.94481e+06
1.94481e+06
1.94481e+06
1.94481e+06
1.94481e+06
1.94481e+06
1.94481e+06
1.94481e+06
1.94481e+06
1.94481e+06
1.94481e+06
1.94481e+06
1.94481e+06
1.94481e+06
1.94481e+06
1.94481e+06
1.94481e+06
1.94481e+06
1.94481e+06
1.94481e+06
1.94481e+06
1.94481e+06
1.94481e+06
1.94481e+06
1.94481e+06
1.94481e+06
1.94481e+06
1.94481e+06
1.94481e+06
1.94481e+06
1.94481e+06
1.94481e+06
1.94481e+06
1.94481e+06
1.94481e+06
1.94481e+06
1.94481e+06
1.94481e+06
1.94481e+06
1.94481e+06
1.9448e+06
1.9448e+06
1.9448e+06
1.9448e+06
1.9448e+06
1.9448e+06
1.9448e+06
1.9448e+06
1.94479e+06
1.94479e+06
1.94479e+06
1.94478e+06
1.94478e+06
1.94477e+06
1.94477e+06
1.94476e+06
1.94475e+06
1.94474e+06
1.94473e+06
1.94471e+06
1.9447e+06
1.94468e+06
1.94465e+06
1.94463e+06
1.9446e+06
1.94456e+06
1.94452e+06
1.94447e+06
1.94442e+06
1.94435e+06
1.94428e+06
1.9442e+06
1.9441e+06
1.94399e+06
1.94386e+06
1.94372e+06
1.94355e+06
1.94336e+06
1.94315e+06
1.9429e+06
1.94262e+06
1.94231e+06
1.94195e+06
1.94155e+06
1.9411e+06
1.94059e+06
1.94001e+06
1.93937e+06
1.93865e+06
1.93785e+06
1.93696e+06
1.93597e+06
1.93486e+06
1.93364e+06
1.93229e+06
1.9308e+06
1.92916e+06
1.92736e+06
1.92538e+06
1.92322e+06
1.92086e+06
1.91829e+06
1.9155e+06
1.91247e+06
1.90919e+06
1.90565e+06
1.90184e+06
1.89775e+06
1.89336e+06
1.88866e+06
1.88365e+06
1.87831e+06
1.87265e+06
1.86664e+06
1.86029e+06
1.85359e+06
1.84652e+06
1.8391e+06
1.83131e+06
1.82315e+06
1.8146e+06
1.80566e+06
1.79633e+06
1.78658e+06
1.77639e+06
1.76577e+06
1.75467e+06
1.74308e+06
1.73096e+06
1.71831e+06
1.70509e+06
1.69131e+06
1.67703e+06
1.66245e+06
1.64722e+06
1.63155e+06
)
;

boundaryField
{
    sideLeft
    {
        type            symmetryPlane;
    }
    sideRight
    {
        type            calculated;
        value           uniform 1.62117e+06;
    }
    topbottom
    {
        type            empty;
    }
    frontback
    {
        type            empty;
    }
}


// ************************************************************************* //
