# Probe 0 (1 0 0)
# Probe 1 (140 0 0)
# Probe 2 (200 0 0)
# Probe 3 (250 0 0)
# Probe 4 (255 0 0)
#       Probe             0             1             2             3             4
#        Time
            0   3.62324e+06   3.62324e+06   3.62324e+06   3.62324e+06   3.62324e+06
         0.01   3.59036e+06   3.59036e+06   3.59036e+06   3.59036e+06   2.78196e+06
         0.02   3.59036e+06   3.59036e+06   3.59036e+06   3.58993e+06   1.95012e+06
         0.03   3.59036e+06   3.59036e+06   3.59036e+06   3.56307e+06   1.68455e+06
         0.04   3.59036e+06   3.59036e+06   3.59036e+06   3.51287e+06    1.5669e+06
         0.05   3.59036e+06   3.59036e+06   3.59036e+06   3.42804e+06   1.50998e+06
         0.06   3.59036e+06   3.59036e+06   3.59036e+06   3.21108e+06   1.48317e+06
         0.07   3.59036e+06   3.59036e+06   3.59036e+06   2.91686e+06   1.47401e+06
         0.08   3.59036e+06   3.59036e+06   3.59036e+06    2.6788e+06   1.47459e+06
         0.09   3.59036e+06   3.59036e+06   3.59036e+06   2.50699e+06   1.47985e+06
          0.1   3.59036e+06   3.59036e+06   3.59036e+06   2.38201e+06   1.48656e+06
         0.11   3.59036e+06   3.59036e+06   3.59036e+06   2.28806e+06   1.49351e+06
         0.12   3.59036e+06   3.59036e+06   3.59036e+06   2.21559e+06   1.49972e+06
         0.13   3.59036e+06   3.59036e+06   3.59036e+06    2.1585e+06   1.50393e+06
         0.14   3.59036e+06   3.59036e+06   3.59036e+06    2.1127e+06   1.50591e+06
         0.15   3.59036e+06   3.59036e+06   3.59036e+06   2.07595e+06   1.50611e+06
         0.16   3.59036e+06   3.59036e+06   3.59036e+06   2.04641e+06   1.50531e+06
         0.17   3.59036e+06   3.59036e+06   3.59036e+06   2.02326e+06   1.50467e+06
         0.18   3.59036e+06   3.59036e+06   3.59036e+06   2.00499e+06   1.50331e+06
         0.19   3.59036e+06   3.59036e+06   3.59036e+06   1.99034e+06   1.50115e+06
          0.2   3.59036e+06   3.59036e+06   3.59036e+06    1.9785e+06   1.49839e+06
         0.21   3.59036e+06   3.59036e+06   3.59036e+06   1.96871e+06   1.49515e+06
         0.22   3.59036e+06   3.59036e+06   3.59036e+06    1.9604e+06   1.49227e+06
         0.23   3.59036e+06   3.59036e+06   3.59036e+06   1.95322e+06   1.49008e+06
         0.24   3.59036e+06   3.59036e+06   3.59035e+06   1.94672e+06   1.48754e+06
         0.25   3.59036e+06   3.59036e+06   3.59029e+06   1.94066e+06   1.48453e+06
         0.26   3.59036e+06   3.59036e+06   3.59006e+06   1.93484e+06    1.4813e+06
         0.27   3.59036e+06   3.59036e+06   3.58962e+06   1.92913e+06   1.47791e+06
         0.28   3.59036e+06   3.59036e+06   3.58906e+06   1.92346e+06   1.47501e+06
         0.29   3.59036e+06   3.59036e+06   3.58839e+06   1.91775e+06   1.47302e+06
          0.3   3.59036e+06   3.59036e+06   3.58755e+06   1.91206e+06   1.47087e+06
         0.31   3.59036e+06   3.59036e+06   3.58649e+06   1.90644e+06    1.4684e+06
         0.32   3.59036e+06   3.59036e+06   3.58516e+06   1.90093e+06   1.46572e+06
         0.33   3.59036e+06   3.59036e+06   3.58353e+06   1.89557e+06   1.46295e+06
         0.34   3.59036e+06   3.59036e+06   3.58155e+06   1.89035e+06   1.46008e+06
         0.35   3.59036e+06   3.59036e+06    3.5792e+06   1.88526e+06   1.45823e+06
         0.36   3.59036e+06   3.59036e+06   3.57645e+06   1.88027e+06   1.45672e+06
         0.37   3.59036e+06   3.59036e+06   3.57332e+06   1.87538e+06   1.45489e+06
         0.38   3.59036e+06   3.59036e+06   3.56982e+06   1.87062e+06   1.45278e+06
         0.39   3.59036e+06   3.59036e+06     3.566e+06   1.86605e+06    1.4505e+06
          0.4   3.59036e+06   3.59036e+06   3.56196e+06   1.86168e+06   1.44807e+06
         0.41   3.59036e+06   3.59036e+06   3.55782e+06   1.85746e+06   1.44577e+06
         0.42   3.59036e+06   3.59036e+06   3.55368e+06   1.85338e+06   1.44445e+06
         0.43   3.59036e+06   3.59036e+06   3.54969e+06   1.84942e+06   1.44304e+06
         0.44   3.59036e+06   3.59036e+06   3.54594e+06    1.8456e+06   1.44129e+06
         0.45   3.59036e+06   3.59036e+06   3.54059e+06   1.84196e+06    1.4393e+06
         0.46   3.59036e+06   3.59036e+06   3.53519e+06    1.8385e+06   1.43721e+06
         0.47   3.59036e+06   3.59036e+06   3.52745e+06   1.83517e+06   1.43498e+06
         0.48   3.59036e+06   3.59036e+06   3.52207e+06   1.83195e+06   1.43338e+06
         0.49   3.59036e+06   3.59036e+06   3.51399e+06   1.82886e+06   1.43249e+06
          0.5   3.59036e+06   3.59036e+06   3.50647e+06   1.82591e+06   1.43136e+06
         0.51   3.59036e+06   3.59036e+06   3.49809e+06    1.8231e+06   1.42992e+06
         0.52   3.59036e+06   3.59035e+06   3.49232e+06   1.82039e+06   1.42832e+06
         0.53   3.59036e+06   3.59034e+06   3.48586e+06   1.81777e+06    1.4267e+06
         0.54   3.59036e+06   3.59032e+06   3.47953e+06   1.81526e+06   1.42499e+06
         0.55   3.59036e+06   3.59027e+06   3.47515e+06   1.81286e+06    1.4239e+06
         0.56   3.59036e+06    3.5902e+06    3.4711e+06   1.81059e+06    1.4235e+06
         0.57   3.59036e+06   3.59012e+06   3.46842e+06   1.80841e+06   1.42288e+06
         0.58   3.59036e+06   3.59003e+06   3.46582e+06   1.80632e+06   1.42198e+06
         0.59   3.59036e+06   3.58992e+06   3.46344e+06   1.80433e+06   1.42093e+06
          0.6   3.59036e+06   3.58979e+06   3.46211e+06   1.80247e+06   1.41985e+06
         0.61   3.59036e+06   3.58964e+06   3.46145e+06   1.80075e+06   1.41865e+06
         0.62   3.59036e+06   3.58947e+06   3.45831e+06   1.79914e+06   1.41798e+06
         0.63   3.59036e+06   3.58926e+06    3.4531e+06   1.79763e+06   1.41807e+06
         0.64   3.59036e+06   3.58902e+06   3.44095e+06   1.79621e+06   1.41794e+06
         0.65   3.59036e+06   3.58874e+06   3.44203e+06   1.79491e+06   1.41754e+06
         0.66   3.59036e+06   3.58842e+06    3.4323e+06   1.79373e+06     1.417e+06
         0.67   3.59036e+06   3.58804e+06   3.41693e+06   1.79266e+06   1.41642e+06
         0.68   3.59036e+06   3.58762e+06   3.40575e+06   1.79154e+06   1.41571e+06
         0.69   3.59036e+06   3.58713e+06   3.39997e+06   1.78991e+06     1.416e+06
          0.7   3.59036e+06   3.58657e+06   3.38316e+06   1.78709e+06   1.41659e+06
         0.71   3.59036e+06   3.58593e+06   3.35779e+06   1.78302e+06   1.41678e+06
         0.72   3.59036e+06   3.58522e+06   3.34948e+06   1.77846e+06    1.4163e+06
         0.73   3.59036e+06   3.58441e+06    3.3191e+06   1.77399e+06   1.41484e+06
         0.74   3.59036e+06    3.5835e+06    3.3001e+06   1.76967e+06   1.41228e+06
         0.75   3.59036e+06   3.58249e+06   3.28816e+06   1.76539e+06   1.40949e+06
         0.76   3.59036e+06   3.58137e+06    3.2595e+06   1.76104e+06   1.40743e+06
         0.77   3.59036e+06   3.58013e+06   3.23778e+06   1.75629e+06   1.40507e+06
         0.78   3.59036e+06   3.57878e+06    3.2232e+06   1.75634e+06   1.40227e+06
         0.79   3.59036e+06    3.5773e+06   3.20308e+06   1.74988e+06   1.39911e+06
          0.8   3.59036e+06    3.5757e+06   3.18005e+06    1.7445e+06   1.39551e+06
         0.81   3.59036e+06   3.57398e+06   3.16987e+06   1.74135e+06   1.39273e+06
         0.82   3.59036e+06   3.57216e+06   3.14385e+06   1.73878e+06   1.38983e+06
         0.83   3.59036e+06   3.57022e+06   3.13565e+06   1.73552e+06   1.38626e+06
         0.84   3.59036e+06    3.5682e+06   3.11123e+06   1.73812e+06   1.38286e+06
         0.85   3.59036e+06    3.5661e+06   3.10153e+06   1.72751e+06   1.37949e+06
         0.86   3.59036e+06   3.56395e+06   3.08192e+06    1.7231e+06   1.37698e+06
         0.87   3.59036e+06   3.56176e+06   3.06596e+06   1.71908e+06   1.37545e+06
         0.88   3.59036e+06   3.55955e+06   3.05682e+06   1.71874e+06   1.37172e+06
         0.89   3.59036e+06   3.55735e+06   3.04445e+06   1.71894e+06   1.36971e+06
          0.9   3.59036e+06   3.55518e+06   3.02554e+06   1.71888e+06   1.36608e+06
         0.91   3.59036e+06   3.55308e+06   3.01621e+06   1.70757e+06   1.36327e+06
         0.92   3.59036e+06   3.55106e+06   3.00686e+06   1.70425e+06   1.36174e+06
         0.93   3.59036e+06   3.54914e+06   2.99001e+06   1.70025e+06   1.35687e+06
         0.94   3.59036e+06   3.54733e+06   2.97733e+06   1.70081e+06   1.35457e+06
         0.95   3.59036e+06   3.54567e+06   2.96993e+06   1.69453e+06    1.3529e+06
         0.96   3.59036e+06   3.54364e+06   2.96115e+06   1.69241e+06    1.3525e+06
         0.97   3.59036e+06   3.54023e+06   2.94591e+06   1.68935e+06   1.34888e+06
         0.98   3.59036e+06   3.53719e+06   2.93518e+06   1.68438e+06   1.34592e+06
         0.99   3.59036e+06   3.53497e+06    2.9305e+06   1.68252e+06   1.34358e+06
            1   3.59036e+06   3.53245e+06   2.91896e+06   1.68719e+06   1.34299e+06
         1.01   3.59036e+06   3.52721e+06   2.90682e+06   1.67721e+06   1.33916e+06
         1.02   3.59036e+06   3.52421e+06   2.90254e+06   1.68409e+06   1.33959e+06
         1.03   3.59036e+06    3.5203e+06   2.89236e+06   1.67105e+06   1.33784e+06
         1.04   3.59036e+06   3.51633e+06   2.88163e+06   1.66902e+06   1.33591e+06
         1.05   3.59036e+06   3.51423e+06   2.87825e+06   1.67498e+06   1.33183e+06
         1.06   3.59036e+06   3.50786e+06   2.86524e+06   1.66709e+06   1.33292e+06
         1.07   3.59036e+06   3.50452e+06   2.86215e+06   1.66152e+06   1.32918e+06
         1.08   3.59036e+06   3.50047e+06   2.85109e+06    1.6664e+06   1.32532e+06
         1.09   3.59036e+06   3.49702e+06   2.84659e+06   1.65443e+06   1.32661e+06
          1.1   3.59036e+06   3.49537e+06   2.84015e+06   1.65273e+06   1.32304e+06
         1.11   3.59036e+06   3.48933e+06   2.82955e+06   1.65736e+06    1.3228e+06
         1.12   3.59036e+06   3.48718e+06   2.82688e+06   1.65544e+06   1.32018e+06
         1.13   3.59036e+06   3.48647e+06   2.82047e+06   1.65221e+06   1.31605e+06
         1.14   3.59036e+06   3.48061e+06   2.81284e+06   1.64476e+06   1.31582e+06
         1.15   3.59036e+06   3.47905e+06   2.80773e+06   1.64895e+06   1.31689e+06
         1.16   3.59036e+06   3.47736e+06   2.80069e+06   1.63617e+06   1.31009e+06
         1.17   3.59036e+06   3.47537e+06   2.79591e+06   1.64155e+06   1.30761e+06
         1.18   3.59036e+06    3.4729e+06   2.78934e+06   1.64087e+06   1.31034e+06
         1.19   3.59036e+06   3.47153e+06   2.78502e+06    1.6318e+06   1.30489e+06
          1.2   3.59035e+06   3.47033e+06   2.77905e+06   1.62627e+06   1.30578e+06
         1.21   3.59035e+06   3.46951e+06     2.771e+06   1.63183e+06   1.31153e+06
         1.22   3.59035e+06   3.46862e+06   2.76789e+06   1.62692e+06   1.30006e+06
         1.23   3.59034e+06   3.46804e+06   2.76056e+06   1.61895e+06   1.29546e+06
         1.24   3.59033e+06   3.46751e+06   2.75891e+06   1.62086e+06   1.29969e+06
         1.25   3.59032e+06   3.46707e+06   2.75401e+06   1.62253e+06    1.2977e+06
         1.26   3.59031e+06   3.46642e+06   2.74592e+06    1.6116e+06    1.2917e+06
         1.27   3.59029e+06    3.4658e+06   2.74427e+06      1.62e+06    1.2924e+06
         1.28   3.59028e+06   3.46411e+06    2.7394e+06    1.6074e+06   1.29184e+06
         1.29   3.59026e+06   3.46409e+06   2.73226e+06   1.61359e+06   1.28484e+06
          1.3   3.59024e+06   3.46363e+06   2.73008e+06   1.60387e+06   1.29557e+06
         1.31   3.59021e+06   3.46322e+06   2.72571e+06   1.60048e+06   1.28109e+06
         1.32   3.59018e+06   3.46286e+06   2.72258e+06    1.5984e+06   1.29188e+06
         1.33   3.59015e+06   3.46261e+06   2.71723e+06   1.60589e+06   1.28079e+06
         1.34   3.59012e+06   3.46239e+06    2.7132e+06   1.59589e+06   1.27609e+06
         1.35   3.59008e+06   3.46217e+06   2.70867e+06   1.59185e+06    1.2746e+06
         1.36   3.59003e+06   3.46196e+06   2.70278e+06   1.60041e+06    1.2777e+06
         1.37   3.58998e+06   3.46168e+06   2.70177e+06   1.58923e+06   1.27333e+06
         1.38   3.58993e+06   3.46141e+06   2.69679e+06   1.58536e+06   1.26973e+06
         1.39   3.58987e+06   3.46183e+06    2.6932e+06   1.59338e+06   1.27601e+06
          1.4    3.5898e+06   3.45167e+06   2.68729e+06   1.58065e+06   1.27164e+06
         1.41   3.58973e+06   3.45819e+06   2.68555e+06   1.58845e+06    1.2637e+06
         1.42   3.58965e+06   3.45623e+06   2.67985e+06   1.57783e+06    1.2771e+06
         1.43   3.58956e+06    3.4516e+06   2.67863e+06   1.58542e+06   1.26048e+06
         1.44   3.58946e+06   3.44851e+06   2.67457e+06   1.57276e+06   1.26319e+06
         1.45   3.58935e+06   3.44696e+06   2.66927e+06   1.57899e+06   1.25946e+06
         1.46   3.58923e+06   3.43952e+06    2.6683e+06   1.57119e+06   1.25893e+06
         1.47   3.58911e+06   3.43627e+06   2.66446e+06   1.57167e+06     1.256e+06
         1.48   3.58896e+06   3.43232e+06   2.65915e+06   1.57444e+06   1.25314e+06
         1.49   3.58881e+06    3.4273e+06   2.65752e+06   1.57136e+06    1.2623e+06
          1.5   3.58864e+06    3.4179e+06   2.65424e+06    1.5612e+06   1.25628e+06
         1.51   3.58846e+06   3.42049e+06   2.65105e+06   1.56696e+06   1.25236e+06
         1.52   3.58826e+06   3.41257e+06   2.64865e+06   1.56239e+06   1.24707e+06
         1.53   3.58804e+06   3.40607e+06   2.64511e+06   1.55678e+06   1.24773e+06
         1.54   3.58781e+06   3.39248e+06   2.64198e+06   1.56207e+06   1.24633e+06
         1.55   3.58755e+06   3.39307e+06   2.63894e+06   1.55196e+06   1.24531e+06
         1.56   3.58727e+06   3.37781e+06   2.63562e+06   1.55957e+06   1.25541e+06
         1.57   3.58697e+06   3.37609e+06    2.6323e+06   1.54985e+06   1.24988e+06
         1.58   3.58665e+06   3.37073e+06   2.62785e+06   1.55043e+06   1.25222e+06
         1.59    3.5863e+06   3.35425e+06   2.62487e+06    1.5515e+06   1.24395e+06
          1.6   3.58591e+06   3.34969e+06   2.62201e+06   1.54345e+06   1.23603e+06
         1.61    3.5855e+06   3.34334e+06   2.62059e+06   1.54939e+06    1.2438e+06
         1.62   3.58506e+06   3.33596e+06   2.61889e+06   1.53849e+06   1.23488e+06
         1.63   3.58458e+06    3.3189e+06   2.61605e+06   1.54606e+06   1.23671e+06
         1.64   3.58407e+06   3.30843e+06   2.61308e+06    1.5364e+06    1.2276e+06
         1.65   3.58351e+06   3.30449e+06   2.61036e+06   1.53747e+06   1.23475e+06
         1.66   3.58292e+06   3.29664e+06   2.60637e+06   1.53919e+06   1.23575e+06
         1.67   3.58228e+06   3.28877e+06   2.60481e+06   1.52978e+06   1.23059e+06
         1.68    3.5816e+06   3.28106e+06   2.60092e+06   1.53701e+06   1.23549e+06
         1.69   3.58086e+06   3.27249e+06   2.59671e+06   1.52742e+06   1.22407e+06
          1.7   3.58008e+06   3.26177e+06   2.59378e+06   1.52853e+06   1.22685e+06
         1.71   3.57925e+06   3.25361e+06   2.59258e+06   1.53031e+06    1.2217e+06
         1.72   3.57836e+06   3.24247e+06   2.59018e+06   1.52136e+06    1.2209e+06
         1.73   3.57741e+06    3.2302e+06   2.58785e+06   1.52917e+06   1.22364e+06
         1.74    3.5764e+06   3.22155e+06   2.58553e+06   1.51847e+06   1.21678e+06
         1.75   3.57534e+06   3.21813e+06   2.58323e+06   1.51831e+06   1.21951e+06
         1.76    3.5742e+06   3.21156e+06   2.58077e+06   1.52347e+06   1.21278e+06
         1.77   3.57301e+06   3.20507e+06   2.57826e+06   1.51283e+06    1.2113e+06
         1.78   3.57175e+06   3.19898e+06   2.57582e+06   1.51313e+06   1.21543e+06
         1.79   3.57042e+06   3.19034e+06   2.57081e+06   1.51825e+06   1.20893e+06
          1.8   3.56902e+06   3.17654e+06   2.56832e+06   1.50721e+06   1.21931e+06
         1.81   3.56755e+06   3.17456e+06   2.56567e+06   1.51083e+06   1.21707e+06
         1.82   3.56601e+06   3.16969e+06   2.56301e+06    1.5117e+06   1.20738e+06
         1.83   3.56441e+06   3.16308e+06   2.56045e+06   1.50171e+06   1.20487e+06
         1.84   3.56274e+06   3.15123e+06    2.5594e+06   1.50911e+06   1.20494e+06
         1.85     3.561e+06   3.14954e+06    2.5571e+06   1.50647e+06   1.19892e+06
         1.86    3.5592e+06   3.14555e+06   2.55476e+06   1.49676e+06    1.2062e+06
         1.87   3.55733e+06   3.13218e+06   2.55246e+06   1.50359e+06   1.19969e+06
         1.88   3.55541e+06   3.13166e+06   2.55021e+06    1.5005e+06   1.19664e+06
         1.89   3.55343e+06   3.12833e+06   2.54792e+06   1.49222e+06   1.20057e+06
          1.9    3.5514e+06   3.11655e+06   2.54573e+06   1.49957e+06   1.19532e+06
         1.91   3.54932e+06    3.1162e+06    2.5436e+06   1.49386e+06   1.19492e+06
         1.92   3.54721e+06   3.10568e+06   2.54143e+06   1.48715e+06   1.20182e+06
         1.93   3.54505e+06   3.10517e+06   2.53928e+06   1.49346e+06   1.18914e+06
         1.94   3.54599e+06   3.10121e+06   2.53588e+06   1.49265e+06   1.18934e+06
         1.95   3.54392e+06   3.09516e+06   2.53215e+06   1.48277e+06   1.19858e+06
         1.96   3.54183e+06   3.08906e+06   2.52968e+06   1.48469e+06   1.18855e+06
         1.97   3.53972e+06   3.08621e+06   2.52875e+06    1.4894e+06   1.18416e+06
         1.98   3.53761e+06    3.0764e+06   2.52667e+06   1.48055e+06   1.18989e+06
         1.99    3.5355e+06   3.07763e+06   2.52467e+06   1.47614e+06   1.19185e+06
            2    3.5334e+06   3.07088e+06   2.52262e+06    1.4825e+06   1.17973e+06
         2.01    3.5344e+06   3.06953e+06   2.52062e+06   1.48242e+06   1.18067e+06
         2.02   3.53235e+06   3.06319e+06   2.51859e+06   1.47179e+06   1.19122e+06
         2.03   3.53031e+06    3.0606e+06   2.51657e+06   1.47189e+06   1.18129e+06
         2.04   3.52827e+06   3.05629e+06   2.51192e+06   1.47896e+06    1.1755e+06
         2.05   3.52622e+06   3.05063e+06   2.50946e+06   1.47502e+06   1.17765e+06
         2.06   3.52412e+06   3.05023e+06   2.50875e+06   1.46537e+06   1.18384e+06
         2.07    3.5251e+06   3.04477e+06   2.50687e+06   1.46765e+06   1.17175e+06
         2.08   3.52297e+06   3.03967e+06   2.50497e+06   1.47289e+06   1.16994e+06
         2.09    3.5207e+06   3.03806e+06   2.50306e+06   1.46867e+06   1.17937e+06
          2.1   3.51829e+06   3.03478e+06   2.50111e+06   1.45926e+06   1.17953e+06
         2.11   3.51576e+06   3.03008e+06   2.49802e+06   1.45867e+06   1.16657e+06
         2.12   3.51617e+06   3.02329e+06   2.49447e+06   1.46664e+06   1.16487e+06
         2.13   3.51364e+06    3.0244e+06   2.49363e+06   1.46441e+06   1.17236e+06
         2.14   3.51097e+06   3.02143e+06    2.4917e+06   1.45731e+06   1.17597e+06
         2.15   3.50815e+06   3.01719e+06   2.48982e+06   1.45233e+06   1.16359e+06
         2.16   3.50512e+06   3.01293e+06   2.48798e+06   1.45773e+06    1.1607e+06
         2.17   3.50511e+06   3.00728e+06   2.48619e+06   1.45976e+06   1.16372e+06
         2.18     3.502e+06    3.0098e+06   2.48439e+06   1.45619e+06   1.17188e+06
         2.19   3.49866e+06   3.00576e+06   2.48125e+06   1.44809e+06   1.16435e+06
          2.2   3.49508e+06   3.00185e+06   2.47771e+06   1.44445e+06   1.15585e+06
         2.21   3.49454e+06   2.99833e+06   2.47562e+06   1.44358e+06   1.15486e+06
         2.22   3.49085e+06   2.99219e+06   2.47354e+06   1.44173e+06   1.15747e+06
         2.23    3.4869e+06    2.9941e+06   2.47283e+06   1.44253e+06   1.16645e+06
         2.24   3.48582e+06   2.99056e+06   2.47084e+06    1.4467e+06   1.16621e+06
         2.25   3.48171e+06   2.98884e+06   2.46903e+06   1.44901e+06   1.16462e+06
         2.26   3.47733e+06   2.98558e+06   2.46709e+06   1.44755e+06   1.16178e+06
         2.27   3.47581e+06   2.98242e+06   2.46521e+06   1.44428e+06   1.15862e+06
         2.28   3.47126e+06   2.97936e+06   2.46349e+06    1.4395e+06   1.14707e+06
         2.29   3.46648e+06   2.97643e+06   2.46182e+06   1.43236e+06   1.14591e+06
          2.3   3.46461e+06   2.97102e+06   2.45758e+06   1.43048e+06   1.14451e+06
         2.31   3.46497e+06    2.9736e+06    2.4555e+06   1.43016e+06   1.14445e+06
         2.32   3.46321e+06   2.97076e+06   2.45494e+06   1.43192e+06   1.14588e+06
         2.33   3.45854e+06   2.96806e+06   2.45306e+06   1.43697e+06   1.15399e+06
         2.34   3.45896e+06   2.96544e+06   2.45141e+06   1.43654e+06   1.15519e+06
         2.35    3.4572e+06   2.96437e+06   2.44977e+06   1.43337e+06   1.15206e+06
         2.36   3.45246e+06   2.96199e+06    2.4481e+06   1.42856e+06   1.14113e+06
         2.37    3.4529e+06   2.95952e+06   2.44391e+06   1.42301e+06   1.13703e+06
         2.38   3.45111e+06   2.95709e+06   2.44318e+06   1.42011e+06   1.13622e+06
         2.39   3.45153e+06   2.95471e+06   2.44161e+06    1.4207e+06   1.13644e+06
          2.4   3.44977e+06   2.95239e+06   2.44008e+06   1.42525e+06   1.13814e+06
         2.41   3.44521e+06   2.95014e+06   2.43856e+06   1.42623e+06   1.14597e+06
         2.42   3.44576e+06   2.94795e+06   2.43431e+06   1.42673e+06   1.14616e+06
         2.43    3.4441e+06   2.94582e+06   2.43383e+06   1.42472e+06   1.14319e+06
         2.44   3.43973e+06   2.94372e+06   2.43228e+06   1.42107e+06   1.13831e+06
         2.45   3.44048e+06   2.94166e+06   2.43078e+06   1.41948e+06   1.13016e+06
         2.46   3.43897e+06   2.93966e+06   2.42705e+06   1.41709e+06   1.12736e+06
         2.47   3.43481e+06   2.93771e+06   2.42618e+06   1.41308e+06   1.12605e+06
         2.48    3.4357e+06   2.93583e+06   2.42475e+06   1.40713e+06   1.12658e+06
         2.49   3.43433e+06   2.93231e+06   2.42327e+06   1.40621e+06   1.12599e+06
          2.5   3.43035e+06   2.93042e+06   2.42168e+06   1.40637e+06   1.12625e+06
         2.51   3.43139e+06   2.92856e+06   2.41781e+06   1.41127e+06   1.13019e+06
         2.52   3.43018e+06   2.92674e+06   2.41585e+06   1.41137e+06    1.1252e+06
         2.53   3.42639e+06   2.92496e+06   2.41404e+06   1.41092e+06    1.1227e+06
         2.54   3.42766e+06   2.92325e+06   2.41231e+06   1.41033e+06   1.11957e+06
         2.55    3.4266e+06   2.91713e+06   2.41032e+06   1.40904e+06   1.11827e+06
         2.56   3.42296e+06   2.91488e+06   2.40982e+06   1.40825e+06    1.1172e+06
         2.57    3.4245e+06    2.9155e+06   2.40806e+06   1.40722e+06   1.11607e+06
         2.58   3.42362e+06   2.91386e+06   2.40658e+06   1.40587e+06   1.11463e+06
         2.59   3.42009e+06   2.91228e+06   2.40494e+06   1.40431e+06   1.11342e+06
          2.6   3.41685e+06   2.91057e+06   2.40339e+06   1.40371e+06   1.11265e+06
         2.61   3.41848e+06   2.90895e+06   2.40189e+06   1.40373e+06   1.11235e+06
         2.62   3.41779e+06   2.90744e+06   2.39789e+06   1.39454e+06   1.11081e+06
         2.63    3.4145e+06   2.90595e+06    2.3973e+06   1.38848e+06      1.11e+06
         2.64   3.41649e+06   2.90444e+06   2.39568e+06   1.39121e+06   1.11843e+06
         2.65   3.41322e+06   2.90111e+06   2.39409e+06   1.39665e+06   1.12445e+06
         2.66   3.41271e+06   2.89959e+06   2.39255e+06   1.39756e+06   1.11713e+06
         2.67   3.40987e+06   2.89802e+06   2.39103e+06   1.39638e+06   1.10703e+06
         2.68   3.41192e+06    2.8966e+06   2.38914e+06   1.39451e+06   1.10486e+06
         2.69    3.4092e+06     2.895e+06   2.38741e+06   1.39216e+06   1.10529e+06
          2.7   3.40939e+06   2.89155e+06   2.38554e+06   1.38106e+06   1.10818e+06
         2.71   3.40687e+06    2.8878e+06   2.38361e+06   1.38573e+06   1.11284e+06
         2.72   3.40441e+06   2.88807e+06   2.38068e+06   1.39042e+06   1.11647e+06
         2.73   3.40672e+06   2.88659e+06   2.37882e+06   1.38845e+06   1.11277e+06
         2.74   3.40693e+06   2.88502e+06   2.37724e+06   1.37757e+06   1.09902e+06
         2.75   3.40442e+06   2.88357e+06   2.37667e+06   1.37476e+06   1.10058e+06
         2.76   3.40217e+06   2.88224e+06   2.37505e+06   1.37399e+06   1.11199e+06
         2.77   3.40004e+06   2.87933e+06   2.37358e+06   1.38041e+06   1.11244e+06
         2.78   3.40245e+06   2.87791e+06   2.37218e+06   1.38199e+06   1.10835e+06
         2.79   3.40042e+06   2.87663e+06   2.37056e+06   1.38209e+06   1.09853e+06
          2.8   3.40122e+06   2.87509e+06   2.36867e+06    1.3816e+06   1.09388e+06
         2.81   3.39922e+06   2.87372e+06    2.3668e+06   1.37846e+06   1.09215e+06
         2.82   3.39723e+06   2.87226e+06   2.36525e+06   1.37048e+06   1.09288e+06
         2.83    3.3998e+06   2.86677e+06   2.36358e+06   1.36738e+06   1.09692e+06
         2.84   3.39762e+06   2.86742e+06   2.36206e+06   1.36536e+06    1.1052e+06
         2.85    3.3959e+06   2.86612e+06    2.3604e+06   1.36323e+06   1.10565e+06
         2.86   3.39696e+06   2.86477e+06   2.35733e+06   1.36484e+06   1.10487e+06
         2.87   3.39551e+06   2.86341e+06   2.35591e+06    1.3676e+06   1.10315e+06
         2.88   3.39441e+06   2.86218e+06   2.35612e+06    1.3691e+06   1.09625e+06
         2.89   3.39357e+06   2.85937e+06   2.35425e+06   1.36964e+06   1.08804e+06
          2.9   3.39277e+06   2.85815e+06   2.35241e+06   1.37031e+06   1.08567e+06
         2.91   3.39202e+06   2.85675e+06    2.3506e+06   1.36907e+06   1.08403e+06
         2.92   3.39564e+06   2.85561e+06   2.34884e+06   1.36079e+06   1.08245e+06
         2.93   3.39406e+06    2.8542e+06   2.34733e+06   1.35405e+06   1.08339e+06
         2.94   3.39221e+06   2.84872e+06   2.34448e+06   1.36221e+06   1.09255e+06
         2.95    3.3932e+06   2.84953e+06   2.34295e+06   1.36483e+06   1.09709e+06
         2.96   3.39178e+06   2.84816e+06   2.34246e+06   1.36362e+06   1.08497e+06
         2.97   3.39104e+06   2.84696e+06   2.34173e+06   1.35202e+06   1.07778e+06
         2.98   3.39088e+06   2.84572e+06   2.33999e+06   1.34935e+06   1.07977e+06
         2.99   3.39095e+06   2.84312e+06   2.33823e+06    1.3591e+06   1.09239e+06
            3   3.39143e+06    2.8418e+06   2.33508e+06   1.35956e+06   1.09166e+06
         3.01   3.39235e+06   2.84063e+06   2.33464e+06   1.34657e+06   1.07656e+06
         3.02   3.39306e+06   2.83926e+06   2.33318e+06   1.34991e+06   1.07393e+06
         3.03   3.39298e+06   2.83804e+06   2.33141e+06   1.35609e+06   1.08854e+06
         3.04   3.39185e+06   2.83661e+06   2.32889e+06   1.35344e+06    1.0869e+06
         3.05   3.39044e+06    2.8313e+06   2.32735e+06   1.34202e+06   1.07191e+06
         3.06   3.38907e+06   2.83182e+06   2.32595e+06   1.34358e+06    1.0736e+06
         3.07    3.3883e+06   2.83042e+06   2.32632e+06   1.35163e+06   1.08659e+06
         3.08   3.38789e+06   2.82902e+06   2.32402e+06   1.35061e+06    1.0817e+06
         3.09    3.3876e+06   2.82773e+06   2.32246e+06   1.33871e+06   1.06835e+06
          3.1   3.39091e+06   2.82633e+06   2.32136e+06   1.34299e+06   1.06872e+06
         3.11   3.38868e+06   2.82498e+06   2.31965e+06   1.34727e+06   1.08248e+06
         3.12   3.38873e+06    2.8222e+06   2.31848e+06   1.34762e+06   1.08063e+06
         3.13   3.38606e+06   2.82068e+06   2.31512e+06   1.33839e+06   1.06543e+06
         3.14   3.38396e+06   2.81919e+06   2.31497e+06    1.3342e+06   1.06445e+06
         3.15   3.38659e+06   2.81788e+06   2.31218e+06   1.34251e+06   1.07699e+06
         3.16   3.38438e+06   2.81638e+06     2.312e+06   1.34381e+06    1.0791e+06
         3.17   3.38487e+06   2.81487e+06   2.31024e+06    1.3382e+06   1.06389e+06
         3.18   3.38303e+06   2.81341e+06   2.30775e+06   1.32892e+06   1.06073e+06
         3.19    3.3816e+06   2.81218e+06   2.30763e+06   1.34056e+06   1.07027e+06
          3.2   3.38045e+06   2.81074e+06   2.30663e+06   1.32652e+06   1.07646e+06
         3.21   3.38361e+06   2.80928e+06   2.30337e+06    1.3374e+06   1.05921e+06
         3.22   3.38166e+06   2.80417e+06   2.30336e+06   1.33304e+06   1.06885e+06
         3.23   3.38135e+06   2.80246e+06   2.30213e+06   1.33416e+06    1.0652e+06
         3.24   3.37733e+06   2.80143e+06   2.29905e+06   1.33152e+06   1.05875e+06
         3.25   3.37806e+06   2.80151e+06   2.29927e+06   1.33255e+06   1.07187e+06
         3.26   3.37542e+06   2.79999e+06   2.29795e+06   1.33268e+06    1.0546e+06
         3.27   3.37481e+06   2.79852e+06   2.29553e+06   1.32011e+06    1.0705e+06
         3.28   3.37108e+06   2.79705e+06   2.29446e+06   1.33173e+06   1.05284e+06
         3.29   3.36941e+06   2.79553e+06   2.29343e+06   1.32585e+06   1.06908e+06
          3.3   3.36473e+06   2.79418e+06   2.29211e+06   1.31704e+06   1.05298e+06
         3.31   3.36501e+06   2.79269e+06   2.28896e+06   1.32876e+06   1.05619e+06
         3.32   3.35477e+06   2.79125e+06   2.28748e+06   1.32176e+06   1.06718e+06
         3.33   3.35673e+06   2.78843e+06    2.2861e+06   1.32461e+06   1.04985e+06
         3.34   3.35599e+06   2.78692e+06   2.28605e+06   1.32327e+06   1.05296e+06
         3.35   3.35225e+06   2.78545e+06   2.28426e+06   1.32452e+06   1.06413e+06
         3.36   3.34584e+06     2.784e+06    2.2831e+06   1.31064e+06   1.04695e+06
         3.37   3.34404e+06   2.78253e+06   2.28134e+06   1.32374e+06   1.06278e+06
         3.38   3.34175e+06   2.78094e+06   2.27892e+06   1.32043e+06   1.04797e+06
         3.39   3.33891e+06   2.77936e+06   2.27923e+06   1.30778e+06     1.052e+06
          3.4   3.33305e+06   2.77775e+06   2.27748e+06   1.32067e+06   1.06047e+06
         3.41    3.3291e+06   2.77619e+06   2.27631e+06   1.31927e+06   1.04328e+06
         3.42    3.3246e+06   2.77587e+06    2.2734e+06   1.30943e+06   1.05499e+06
         3.43   3.32205e+06   2.77425e+06   2.27378e+06   1.30394e+06   1.05818e+06
         3.44   3.31679e+06   2.77265e+06   2.27201e+06    1.3163e+06   1.04313e+06
         3.45   3.31091e+06   2.77115e+06    2.2709e+06   1.31697e+06   1.04042e+06
         3.46   3.30454e+06   2.76958e+06   2.26812e+06     1.314e+06   1.05484e+06
         3.47   3.29764e+06   2.76718e+06   2.26825e+06   1.30588e+06   1.04429e+06
         3.48   3.28705e+06   2.76462e+06   2.26638e+06   1.30011e+06   1.05207e+06
         3.49   3.28985e+06   2.76315e+06   2.26532e+06   1.31239e+06   1.03793e+06
          3.5    3.2818e+06   2.76207e+06   2.26359e+06   1.31169e+06   1.03751e+06
         3.51   3.27302e+06   2.76053e+06   2.26199e+06   1.29649e+06   1.03804e+06
         3.52   3.27123e+06   2.75899e+06    2.2611e+06   1.31062e+06   1.03706e+06
         3.53     3.262e+06   2.75746e+06   2.26013e+06   1.29814e+06   1.03568e+06
         3.54   3.25083e+06   2.75699e+06   2.25818e+06   1.30878e+06   1.04053e+06
         3.55    3.2496e+06   2.75215e+06   2.25728e+06    1.2962e+06   1.05037e+06
         3.56   3.23646e+06   2.75311e+06   2.25554e+06   1.30694e+06   1.03153e+06
         3.57    3.2359e+06   2.75046e+06   2.25457e+06   1.29174e+06   1.04925e+06
         3.58   3.22331e+06   2.74887e+06   2.25284e+06   1.30488e+06   1.03086e+06
         3.59   3.22117e+06   2.74785e+06   2.25013e+06   1.29042e+06   1.04704e+06
          3.6   3.21493e+06   2.74732e+06   2.25025e+06   1.30329e+06    1.0305e+06
         3.61   3.20566e+06   2.74588e+06   2.24916e+06   1.28888e+06   1.04501e+06
         3.62   3.20127e+06    2.7435e+06   2.24742e+06   1.30201e+06   1.03597e+06
         3.63    3.1866e+06   2.74208e+06   2.24479e+06   1.29129e+06   1.03477e+06
         3.64   3.18502e+06   2.73969e+06   2.24566e+06   1.29781e+06   1.03073e+06
         3.65   3.18003e+06   2.73818e+06   2.24392e+06   1.29866e+06   1.04211e+06
         3.66   3.16853e+06   2.73717e+06   2.24216e+06   1.28381e+06   1.02447e+06
         3.67   3.16374e+06    2.7329e+06   2.23966e+06   1.29752e+06   1.04129e+06
         3.68   3.15696e+06   2.73418e+06   2.23988e+06   1.29028e+06   1.03009e+06
         3.69   3.14741e+06   2.73266e+06   2.23882e+06   1.29557e+06   1.02374e+06
          3.7   3.14276e+06   2.73022e+06   2.23707e+06   1.29264e+06   1.04054e+06
         3.71   3.12918e+06   2.72859e+06   2.23538e+06   1.28615e+06   1.02175e+06
         3.72   3.12654e+06   2.72756e+06   2.23278e+06   1.29325e+06   1.03821e+06
         3.73    3.1217e+06   2.72337e+06   2.23366e+06   1.28012e+06   1.02155e+06
         3.74   3.10827e+06   2.72184e+06   2.23187e+06   1.29075e+06   1.03321e+06
         3.75   3.10556e+06   2.72307e+06   2.23021e+06    1.2894e+06   1.03158e+06
         3.76   3.10106e+06    2.7215e+06   2.22772e+06   1.27657e+06   1.01942e+06
         3.77   3.08783e+06   2.71901e+06   2.22789e+06   1.28906e+06   1.03455e+06
         3.78   3.08602e+06   2.71743e+06   2.22699e+06   1.27396e+06    1.0205e+06
         3.79   3.08168e+06   2.71636e+06   2.22525e+06   1.28777e+06   1.02843e+06
          3.8   3.07164e+06   2.71243e+06   2.22358e+06   1.28102e+06   1.02159e+06
         3.81   3.06768e+06   2.71077e+06   2.22197e+06   1.28261e+06   1.01613e+06
         3.82   3.05657e+06   2.71169e+06   2.22047e+06   1.28393e+06   1.03049e+06
         3.83   3.05454e+06   2.71006e+06   2.22031e+06   1.26958e+06   1.01429e+06
         3.84   3.04926e+06   2.70757e+06    2.2187e+06    1.2833e+06   1.02771e+06
         3.85   3.04221e+06   2.70588e+06   2.21709e+06   1.28104e+06   1.01382e+06
         3.86   3.03736e+06   2.70464e+06   2.21555e+06   1.26792e+06   1.02463e+06
         3.87   3.03039e+06   2.70391e+06    2.2129e+06   1.28139e+06   1.01937e+06
         3.88   3.02551e+06   2.70226e+06   2.21401e+06    1.2756e+06   1.01228e+06
         3.89   3.01917e+06   2.69976e+06   2.21243e+06   1.27042e+06    1.0223e+06
          3.9   3.01442e+06   2.69852e+06   2.21081e+06   1.27893e+06   1.01624e+06
         3.91   3.00816e+06   2.69433e+06   2.20911e+06   1.27662e+06   1.00775e+06
         3.92   3.00371e+06   2.69507e+06   2.20651e+06   1.26547e+06   1.01744e+06
         3.93    2.9979e+06   2.69255e+06    2.2072e+06   1.26696e+06    1.0229e+06
         3.94   2.99385e+06   2.69129e+06   2.20544e+06   1.27536e+06   1.00676e+06
         3.95    2.9885e+06   2.69054e+06   2.20381e+06   1.27383e+06   1.02183e+06
         3.96   2.97905e+06   2.68786e+06   2.20122e+06   1.27045e+06   1.02127e+06
         3.97   2.97986e+06   2.68739e+06   2.20231e+06   1.25891e+06   1.01749e+06
         3.98   2.97341e+06   2.68475e+06   2.20077e+06   1.27173e+06   1.01667e+06
         3.99   2.96552e+06   2.68101e+06   2.19922e+06   1.27066e+06   1.00469e+06
            4   2.96594e+06   2.68183e+06    2.1977e+06   1.25556e+06   1.00615e+06
         4.01   2.96006e+06   2.67924e+06    2.1962e+06   1.26898e+06   1.01629e+06
         4.02   2.95166e+06   2.67875e+06   2.19374e+06   1.26778e+06   1.01244e+06
         4.03   2.95127e+06    2.6762e+06   2.19218e+06   1.25405e+06   1.01619e+06
         4.04   2.94743e+06   2.67575e+06   2.19302e+06   1.26696e+06   1.01728e+06
         4.05    2.9419e+06   2.67307e+06   2.19133e+06   1.26587e+06   1.00198e+06
         4.06   2.93951e+06   2.67246e+06    2.1897e+06   1.25119e+06   1.00891e+06
         4.07   2.93587e+06   2.66989e+06   2.18705e+06   1.26365e+06   1.01797e+06
         4.08   2.93073e+06   2.66919e+06   2.18747e+06   1.26391e+06   1.00206e+06
         4.09   2.92593e+06   2.66659e+06   2.18669e+06   1.24939e+06   1.01327e+06
          4.1    2.9238e+06   2.66604e+06   2.18499e+06   1.26115e+06   1.01097e+06
         4.11   2.91908e+06   2.66333e+06   2.18348e+06   1.26186e+06        999784
         4.12   2.91604e+06   2.66271e+06   2.18196e+06    1.2573e+06        993739
         4.13   2.91152e+06   2.66009e+06   2.17933e+06   1.25011e+06   1.01042e+06
         4.14   2.90714e+06   2.65811e+06   2.18012e+06   1.25959e+06        995816
         4.15   2.90549e+06    2.6569e+06   2.17811e+06   1.25667e+06        999065
         4.16   2.90134e+06   2.65626e+06   2.17776e+06   1.24318e+06   1.00783e+06
         4.17   2.89734e+06   2.65368e+06   2.17609e+06    1.2572e+06   1.00737e+06
         4.18   2.89496e+06   2.65305e+06   2.17432e+06    1.2561e+06   1.00469e+06
         4.19   2.89114e+06   2.65048e+06   2.17333e+06   1.25272e+06   1.00406e+06
          4.2    2.8874e+06   2.64992e+06   2.17126e+06   1.24024e+06   1.00532e+06
         4.21   2.88377e+06   2.64735e+06   2.17108e+06   1.25389e+06        992829
         4.22   2.88023e+06   2.64529e+06   2.16982e+06   1.25263e+06        993300
         4.23    2.8768e+06    2.6442e+06   2.16857e+06   1.23999e+06        997973
         4.24   2.87121e+06   2.64052e+06   2.16665e+06   1.24607e+06   1.00478e+06
         4.25   2.86807e+06   2.64114e+06   2.16595e+06   1.25094e+06        990533
         4.26   2.86534e+06   2.63738e+06   2.16391e+06   1.24989e+06        994175
         4.27   2.86442e+06   2.63793e+06   2.16291e+06   1.24705e+06   1.00125e+06
         4.28    2.8614e+06   2.63559e+06   2.16164e+06   1.23334e+06        988727
         4.29   2.86004e+06   2.63494e+06   2.16022e+06   1.24581e+06        990443
          4.3   2.85719e+06    2.6326e+06   2.15929e+06    1.2474e+06        985027
         4.31   2.85438e+06   2.63208e+06   2.15847e+06   1.24514e+06        996522
         4.32   2.85146e+06   2.62956e+06   2.15587e+06   1.23254e+06        984868
         4.33   2.84865e+06   2.62893e+06   2.15381e+06   1.23952e+06        983014
         4.34   2.84571e+06   2.62503e+06   2.15389e+06   1.24328e+06        982506
         4.35   2.84319e+06   2.62575e+06   2.15301e+06   1.24303e+06        980424
         4.36    2.8364e+06   2.62371e+06   2.15141e+06   1.23907e+06        996669
         4.37   2.83368e+06   2.62265e+06   2.15041e+06   1.22829e+06        994423
         4.38   2.83319e+06   2.62203e+06    2.1495e+06   1.22554e+06        994016
         4.39   2.83067e+06   2.61962e+06   2.14594e+06   1.22531e+06        977601
          4.4   2.82831e+06   2.61906e+06   2.14602e+06   1.23131e+06        989986
         4.41   2.82589e+06   2.61667e+06   2.14499e+06   1.23141e+06        986707
         4.42   2.82344e+06   2.61612e+06   2.14399e+06   1.23235e+06        990327
         4.43   2.82123e+06   2.61375e+06   2.14299e+06    1.2321e+06        991806
         4.44   2.81893e+06   2.61323e+06   2.14139e+06   1.22827e+06        976655
         4.45   2.81518e+06   2.61088e+06   2.14038e+06   1.23333e+06        977072
         4.46   2.81287e+06   2.61038e+06   2.13689e+06   1.23338e+06        989160
         4.47   2.81059e+06   2.60808e+06   2.13578e+06   1.23032e+06        976520
         4.48   2.80832e+06    2.6076e+06    2.1357e+06   1.23109e+06        992113
         4.49   2.80609e+06   2.60536e+06   2.13466e+06   1.23155e+06        977455
          4.5   2.80388e+06   2.60494e+06   2.13363e+06   1.23096e+06        975701
         4.51   2.80169e+06   2.60274e+06   2.13253e+06    1.2254e+06        985463
         4.52   2.79952e+06   2.59949e+06   2.13107e+06    1.2263e+06        976714
         4.53   2.79348e+06   2.60013e+06   2.12988e+06   1.21688e+06        983249
         4.54   2.79334e+06   2.59673e+06   2.12795e+06   1.22981e+06        972695
         4.55   2.79123e+06   2.59752e+06   2.12501e+06    1.2215e+06        979843
         4.56   2.78913e+06    2.5954e+06   2.12374e+06   1.21318e+06        978428
         4.57   2.78707e+06   2.59496e+06   2.12382e+06   1.21055e+06        974482
         4.58   2.78364e+06   2.59289e+06   2.12294e+06   1.22308e+06        980386
         4.59    2.7816e+06    2.5925e+06   2.12187e+06   1.22435e+06        970872
          4.6   2.77957e+06   2.59047e+06   2.12082e+06   1.22375e+06        979750
         4.61   2.77757e+06    2.5901e+06   2.11916e+06   1.21423e+06        967505
         4.62   2.77558e+06   2.58807e+06   2.11808e+06    1.2179e+06        964554
         4.63   2.77359e+06   2.58769e+06   2.11441e+06   1.21046e+06        980420
         4.64   2.76779e+06   2.58566e+06   2.11461e+06   1.20655e+06        974509
         4.65    2.7678e+06   2.58367e+06   2.11362e+06   1.21993e+06        980013
         4.66   2.76586e+06   2.58327e+06   2.11274e+06   1.20988e+06        965530
         4.67   2.76393e+06   2.58126e+06    2.1118e+06   1.21778e+06        977559
         4.68   2.76066e+06   2.58086e+06   2.10783e+06   1.21968e+06        972354
         4.69   2.75877e+06   2.57883e+06   2.10789e+06    1.2165e+06        965644
          4.7   2.75688e+06   2.57846e+06   2.10686e+06   1.20722e+06        961476
         4.71   2.75501e+06   2.57636e+06   2.10597e+06   1.21244e+06        973865
         4.72   2.75314e+06     2.576e+06   2.10509e+06   1.21305e+06        965569
         4.73   2.74756e+06   2.57387e+06   2.10361e+06   1.20303e+06        973287
         4.74   2.74762e+06    2.5735e+06   2.10039e+06   1.20595e+06        957672
         4.75   2.74578e+06   2.57131e+06    2.1008e+06   1.20185e+06        963629
         4.76   2.74263e+06   2.56961e+06   2.09828e+06   1.19703e+06        972304
         4.77   2.74081e+06   2.56865e+06   2.09782e+06   1.21228e+06        959017
         4.78   2.73899e+06   2.56559e+06   2.09709e+06   1.19928e+06        966193
         4.79   2.73719e+06   2.56593e+06    2.0945e+06   1.21047e+06        970883
          4.8   2.73538e+06   2.56416e+06   2.09414e+06   1.20753e+06        969995
         4.81   2.72994e+06   2.56312e+06   2.09308e+06   1.19601e+06        949611
         4.82      2.73e+06   2.56256e+06   2.09014e+06   1.20356e+06        968491
         4.83   2.72821e+06   2.56021e+06   2.09021e+06   1.20397e+06        955099
         4.84   2.72512e+06   2.55959e+06   2.08997e+06   1.20535e+06        961137
         4.85   2.72334e+06   2.55717e+06   2.08802e+06    1.2053e+06        966158
         4.86   2.72157e+06   2.55644e+06    2.0871e+06   1.20221e+06        957052
         4.87    2.7198e+06   2.55394e+06   2.08519e+06    1.2037e+06        964390
         4.88   2.71804e+06   2.55309e+06   2.08418e+06   1.20263e+06        950570
         4.89   2.71453e+06    2.5522e+06   2.08117e+06    1.2026e+06        949116
          4.9   2.71278e+06   2.54962e+06    2.0819e+06   1.20147e+06        953473
         4.91   2.70975e+06   2.54865e+06   2.08064e+06   1.20277e+06        963398
         4.92   2.70801e+06   2.54472e+06   2.07911e+06   1.20126e+06        952415
         4.93   2.70628e+06   2.54483e+06   2.07826e+06   1.18543e+06        958345
         4.94   2.70456e+06   2.54367e+06   2.07621e+06   1.19351e+06        961178
         4.95   2.70284e+06   2.53984e+06   2.07517e+06   1.19825e+06        943133
         4.96   2.70032e+06   2.53951e+06   2.07441e+06   1.19723e+06        959494
         4.97   2.69742e+06   2.53816e+06   2.07276e+06   1.19809e+06        958974
         4.98   2.69491e+06   2.53677e+06   2.07214e+06   1.19529e+06        942201
         4.99   2.69309e+06    2.5326e+06   2.06914e+06   1.19235e+06        958647
            5   2.69179e+06   2.53211e+06    2.0692e+06   1.18029e+06        957395
         5.01   2.68884e+06   2.53049e+06   2.06824e+06   1.17715e+06        955513
         5.02   2.68805e+06   2.52882e+06   2.06693e+06   1.19267e+06        950393
         5.03   2.68544e+06   2.52708e+06   2.06596e+06   1.19217e+06        948339
         5.04   2.68275e+06   2.52531e+06   2.06392e+06   1.19111e+06        949981
         5.05   2.68025e+06   2.52087e+06   2.06371e+06   1.19101e+06        952120
         5.06   2.67845e+06   2.51989e+06   2.06275e+06     1.188e+06        952833
         5.07   2.67588e+06   2.51791e+06   2.06081e+06   1.18949e+06        943704
         5.08   2.67407e+06   2.51587e+06    2.0599e+06   1.18744e+06        944340
         5.09    2.6715e+06   2.51377e+06   2.05799e+06   1.18056e+06        941743
          5.1   2.67066e+06   2.51162e+06   2.05778e+06   1.17505e+06        950746
         5.11   2.66809e+06   2.50942e+06   2.05405e+06   1.18445e+06        933492
         5.12   2.66628e+06   2.50718e+06   2.05521e+06   1.18383e+06        945549
         5.13    2.6637e+06   2.50488e+06   2.05445e+06   1.18341e+06        936213
         5.14   2.65981e+06   2.50253e+06   2.05265e+06   1.18293e+06        939736
         5.15   2.66013e+06   2.50012e+06   2.05245e+06   1.17822e+06        941801
         5.16   2.65742e+06   2.49768e+06   2.04879e+06   1.16758e+06        933313
         5.17    2.6547e+06   2.49519e+06   2.04984e+06   1.17001e+06        934199
         5.18   2.65391e+06   2.49268e+06   2.04615e+06   1.17918e+06        943050
         5.19   2.65118e+06   2.48903e+06   2.04744e+06   1.16695e+06        937319
          5.2   2.64846e+06   2.48901e+06   2.04587e+06   1.16476e+06        936353
         5.21   2.64766e+06    2.4864e+06   2.04546e+06   1.17291e+06        928202
         5.22   2.64495e+06   2.48371e+06   2.04391e+06   1.17756e+06        943905
         5.23   2.64225e+06   2.48098e+06   2.04246e+06   1.17616e+06        940800
         5.24   2.64144e+06   2.47823e+06   2.04204e+06   1.17581e+06        940928
         5.25   2.63875e+06   2.47545e+06   2.04014e+06   1.17378e+06        932883
         5.26   2.63606e+06   2.47264e+06   2.03688e+06   1.16218e+06        935521
         5.27   2.63525e+06   2.47021e+06   2.03881e+06   1.15983e+06        928671
         5.28   2.63257e+06   2.46846e+06   2.03666e+06   1.16121e+06        937202
         5.29   2.62988e+06   2.46559e+06    2.0337e+06   1.17237e+06        924423
          5.3   2.62899e+06    2.4627e+06   2.03537e+06   1.16333e+06        938906
         5.31   2.62638e+06   2.45981e+06   2.03331e+06   1.16962e+06        935617
         5.32   2.62369e+06   2.45578e+06   2.03348e+06   1.16194e+06        937176
         5.33   2.61992e+06   2.45547e+06   2.03141e+06   1.16453e+06        925311
         5.34   2.62017e+06   2.45253e+06   2.03007e+06   1.16629e+06        927795
         5.35   2.61748e+06   2.44958e+06   2.02993e+06   1.16586e+06        923470
         5.36   2.61352e+06   2.44663e+06   2.02836e+06   1.15915e+06        934494
         5.37   2.61395e+06   2.44259e+06   2.02481e+06   1.16436e+06        933939
         5.38   2.61126e+06   2.44222e+06   2.02588e+06   1.16559e+06        918620
         5.39   2.60731e+06   2.43928e+06   2.02335e+06   1.16444e+06        933840
          5.4   2.60772e+06   2.43633e+06   2.02384e+06   1.15971e+06        915843
         5.41   2.60504e+06   2.43338e+06   2.02219e+06   1.16432e+06        931269
         5.42   2.60237e+06   2.42941e+06   2.02198e+06   1.16004e+06        922144
         5.43    2.6015e+06     2.429e+06   2.01999e+06   1.16336e+06        928050
         5.44   2.59882e+06   2.42606e+06   2.01852e+06   1.16115e+06        925380
         5.45   2.59614e+06   2.42315e+06   2.01833e+06    1.1606e+06        911493
         5.46   2.59527e+06   2.42026e+06   2.01686e+06    1.1563e+06        925239
         5.47   2.59259e+06   2.41738e+06   2.01481e+06   1.14501e+06        914217
         5.48   2.58991e+06   2.41382e+06   2.01455e+06   1.15871e+06        916021
         5.49   2.58903e+06   2.41314e+06   2.01297e+06   1.15712e+06        910176
          5.5   2.58635e+06   2.41029e+06   2.00981e+06   1.15609e+06        924434
         5.51   2.58367e+06   2.40747e+06   2.01073e+06   1.15526e+06        926565
         5.52   2.58278e+06   2.40467e+06   2.00916e+06   1.15382e+06        919727
         5.53    2.5801e+06   2.40188e+06   2.00569e+06   1.15163e+06        907029
         5.54   2.57743e+06   2.39817e+06   2.00695e+06   1.15123e+06        905782
         5.55   2.57652e+06    2.3979e+06   2.00511e+06   1.15291e+06        912147
         5.56   2.57385e+06   2.39516e+06   2.00379e+06   1.15095e+06        911608
         5.57    2.5699e+06   2.39245e+06         2e+06   1.15059e+06        920242
         5.58   2.57027e+06   2.38978e+06   2.00178e+06    1.1503e+06        923205
         5.59   2.56761e+06   2.38713e+06   1.99973e+06    1.1484e+06        908081
          5.6   2.56376e+06    2.3845e+06   1.99812e+06   1.15029e+06        912927
         5.61   2.56403e+06   2.38189e+06   1.99438e+06   1.13501e+06        917798
         5.62   2.56136e+06   2.37931e+06    1.9957e+06   1.13913e+06        917219
         5.63   2.55784e+06   2.37676e+06   1.99385e+06   1.14842e+06        904849
         5.64   2.55778e+06   2.37325e+06   1.99161e+06    1.1464e+06        915600
         5.65    2.5551e+06   2.37093e+06   1.99127e+06   1.13917e+06        909262
         5.66   2.55418e+06   2.36868e+06   1.98919e+06   1.13373e+06        909047
         5.67    2.5515e+06   2.36746e+06   1.98913e+06   1.14098e+06        910237
         5.68   2.54883e+06   2.36494e+06    1.9866e+06   1.14001e+06        900154
         5.69   2.54789e+06   2.36317e+06    1.9823e+06    1.1289e+06        909656
          5.7   2.54523e+06   2.36069e+06   1.98396e+06   1.13846e+06        916660
         5.71   2.54256e+06   2.35787e+06   1.98154e+06   1.14245e+06        905639
         5.72   2.54161e+06    2.3559e+06   1.97762e+06   1.14314e+06        911799
         5.73   2.53894e+06   2.35304e+06   1.97887e+06   1.13877e+06        915011
         5.74   2.53627e+06    2.3515e+06    1.9766e+06   1.13721e+06        903362
         5.75   2.53531e+06   2.34871e+06   1.97249e+06   1.13869e+06        908757
         5.76   2.53264e+06   2.34686e+06   1.97449e+06   1.13779e+06        910127
         5.77   2.52998e+06   2.34441e+06   1.97232e+06   1.13625e+06        900778
         5.78     2.529e+06   2.34251e+06   1.96996e+06   1.13605e+06        905652
         5.79   2.52632e+06   2.33964e+06    1.9659e+06   1.13602e+06        909209
          5.8   2.52285e+06   2.33602e+06   1.96749e+06    1.1253e+06        900093
         5.81   2.52268e+06   2.33507e+06   1.96534e+06   1.13165e+06        908626
         5.82      2.52e+06   2.33274e+06   1.96303e+06   1.13261e+06        901247
         5.83   2.51901e+06    2.3309e+06   1.96122e+06   1.13047e+06        902002
         5.84   2.51635e+06   2.32918e+06   1.96064e+06    1.1333e+06        890824
         5.85   2.51368e+06   2.32635e+06   1.95782e+06   1.13295e+06        894009
         5.86   2.51268e+06   2.32373e+06   1.95349e+06   1.13303e+06        895139
         5.87   2.51002e+06   2.32193e+06   1.95575e+06   1.13139e+06        892600
         5.88   2.50735e+06   2.32016e+06   1.95339e+06   1.13505e+06        907808
         5.89   2.50634e+06    2.3163e+06   1.95078e+06   1.12982e+06        905146
          5.9   2.50368e+06   2.31531e+06   1.94855e+06   1.12979e+06        902212
         5.91   2.50148e+06   2.31359e+06   1.94434e+06   1.13007e+06        897539
         5.92   2.50001e+06   2.31089e+06   1.94658e+06   1.12737e+06        901121
         5.93   2.49734e+06   2.30911e+06   1.94457e+06   1.12456e+06        891079
         5.94   2.49632e+06   2.30736e+06   1.94234e+06   1.11429e+06        902909
         5.95   2.49367e+06   2.30483e+06   1.94029e+06   1.11538e+06        902784
         5.96     2.491e+06   2.30309e+06   1.93796e+06   1.12374e+06        894221
         5.97   2.48998e+06   2.30011e+06   1.93615e+06   1.12446e+06        902359
         5.98   2.48732e+06   2.29846e+06   1.93404e+06   1.12355e+06        902524
         5.99   2.48379e+06   2.29671e+06   1.93194e+06    1.1227e+06        900487
            6   2.48364e+06   2.29384e+06   1.92868e+06   1.11981e+06        899741
         6.01   2.48097e+06   2.29219e+06   1.92789e+06   1.12001e+06        884703
         6.02   2.47994e+06   2.28992e+06   1.92778e+06   1.11966e+06        898477
         6.03   2.47728e+06   2.28827e+06    1.9258e+06   1.11958e+06        887657
         6.04   2.47463e+06   2.28622e+06   1.92351e+06   1.11641e+06        893169
         6.05   2.47359e+06   2.28453e+06   1.92117e+06   1.11543e+06        896338
         6.06   2.47093e+06   2.28058e+06   1.91939e+06    1.1194e+06        891906
         6.07   2.46754e+06   2.27964e+06    1.9173e+06     1.114e+06        895139
         6.08   2.46723e+06   2.27659e+06   1.91501e+06   1.11186e+06        888836
         6.09   2.46458e+06   2.27568e+06   1.91039e+06   1.10753e+06        881612
          6.1   2.46352e+06   2.27244e+06   1.91197e+06   1.11133e+06        882604
         6.11   2.46087e+06   2.27158e+06    1.9113e+06   1.11044e+06        891215
         6.12   2.45822e+06   2.26843e+06   1.90918e+06   1.11062e+06        877508
         6.13   2.45716e+06   2.26753e+06   1.90711e+06   1.10845e+06        886528
         6.14    2.4545e+06   2.26623e+06    1.9051e+06   1.11005e+06        878438
         6.15   2.45344e+06   2.26343e+06   1.90305e+06   1.11059e+06        885459
         6.16   2.45079e+06   2.26211e+06   1.90122e+06   1.11055e+06        888550
         6.17   2.44814e+06   2.26001e+06   1.89931e+06   1.09554e+06        871735
         6.18   2.44706e+06   2.25795e+06   1.89765e+06   1.10372e+06        887504
         6.19   2.44442e+06   2.25587e+06   1.89612e+06   1.10424e+06        877934
          6.2   2.44096e+06   2.25389e+06   1.89426e+06    1.1042e+06        873367
         6.21    2.4407e+06   2.25184e+06   1.89172e+06   1.10436e+06        885798
         6.22   2.43805e+06    2.2499e+06   1.88562e+06   1.10574e+06        882484
         6.23   2.43697e+06   2.24785e+06   1.88686e+06   1.08985e+06        883468
         6.24   2.43432e+06   2.24593e+06   1.88534e+06   1.09437e+06        865583
         6.25   2.43064e+06   2.24388e+06   1.88381e+06     1.099e+06        882299
         6.26   2.43059e+06   2.24196e+06   1.88194e+06   1.09696e+06        871692
         6.27   2.42795e+06   2.23987e+06   1.88062e+06   1.09102e+06        865369
         6.28   2.42686e+06   2.23797e+06   1.87911e+06   1.08222e+06        880444
         6.29   2.42422e+06   2.23588e+06   1.87781e+06   1.09183e+06        878196
          6.3   2.42158e+06   2.23474e+06   1.87065e+06   1.09473e+06        876286
         6.31   2.42029e+06   2.23194e+06   1.87194e+06   1.09445e+06        877890
         6.32   2.41761e+06   2.23078e+06   1.87059e+06   1.09618e+06        876400
         6.33   2.41637e+06     2.228e+06   1.86942e+06   1.08862e+06        868860
         6.34   2.41366e+06   2.22684e+06   1.86807e+06   1.08549e+06        869537
         6.35   2.41251e+06   2.22407e+06    1.8666e+06   1.08658e+06        868798
         6.36   2.40975e+06   2.22293e+06   1.86514e+06   1.07156e+06        863465
         6.37   2.40853e+06   2.22017e+06   1.85789e+06   1.07457e+06        875049
         6.38   2.40577e+06   2.21902e+06   1.85931e+06   1.07564e+06        862506
         6.39   2.40455e+06   2.21628e+06   1.85801e+06   1.08314e+06        872374
          6.4   2.40192e+06   2.21511e+06   1.85644e+06   1.08373e+06        867439
         6.41   2.39834e+06   2.21239e+06   1.85512e+06   1.08101e+06        863671
         6.42   2.39795e+06   2.21126e+06   1.85391e+06   1.07263e+06        856363
         6.43   2.39531e+06   2.20856e+06   1.85238e+06   1.06934e+06        868591
         6.44     2.394e+06    2.2075e+06   1.85094e+06   1.06765e+06        854955
         6.45   2.39134e+06   2.20481e+06   1.84925e+06   1.06824e+06        865677
         6.46   2.39003e+06   2.20379e+06   1.84166e+06   1.07324e+06        863502
         6.47   2.38725e+06   2.20114e+06   1.84357e+06   1.07562e+06        861238
         6.48    2.3859e+06   2.19855e+06   1.84239e+06   1.07581e+06        849231
         6.49   2.38319e+06   2.19752e+06   1.84093e+06   1.07454e+06        862729
          6.5   2.38183e+06   2.19496e+06    1.8396e+06   1.06937e+06        856830
         6.51   2.37906e+06   2.19393e+06   1.83846e+06   1.06932e+06        861512
         6.52    2.3777e+06   2.19135e+06    1.8373e+06   1.07199e+06        860420
         6.53     2.375e+06   2.19035e+06    1.8307e+06   1.07212e+06        856136
         6.54   2.37364e+06   2.18776e+06    1.8313e+06   1.07071e+06        843461
         6.55   2.37016e+06   2.18676e+06   1.82985e+06   1.05739e+06        856928
         6.56   2.36951e+06   2.18419e+06   1.82829e+06   1.06619e+06        850851
         6.57   2.36605e+06   2.18071e+06   1.82745e+06   1.06819e+06        845197
         6.58   2.36535e+06   2.18071e+06   1.82637e+06   1.06218e+06        846812
         6.59   2.36394e+06   2.17914e+06   1.82531e+06   1.05396e+06        855481
          6.6   2.36126e+06   2.17658e+06   1.81695e+06   1.05875e+06        855266
         6.61   2.35912e+06   2.17443e+06   1.81959e+06   1.06112e+06        846703
         6.62   2.35767e+06   2.17333e+06   1.81874e+06   1.06109e+06        850100
         6.63   2.35498e+06   2.17113e+06   1.81773e+06    1.0599e+06        844682
         6.64     2.352e+06   2.16919e+06   1.81627e+06   1.05849e+06        838428
         6.65   2.35138e+06   2.16778e+06   1.81255e+06     1.057e+06        850425
         6.66   2.34956e+06   2.16555e+06   1.81177e+06   1.05604e+06        843710
         6.67   2.34786e+06   2.16389e+06   1.81095e+06   1.04085e+06        843499
         6.68    2.3457e+06    2.1616e+06   1.80915e+06    1.0422e+06        843977
         6.69   2.34297e+06   2.15938e+06    1.8057e+06   1.05297e+06        835704
          6.7   2.34006e+06   2.15778e+06   1.80469e+06   1.05341e+06        842774
         6.71   2.33993e+06    2.1544e+06   1.80367e+06   1.05121e+06        844130
         6.72    2.3372e+06   2.15453e+06   1.80318e+06   1.04698e+06        842978
         6.73   2.33504e+06   2.15228e+06   1.79526e+06   1.03186e+06        837125
         6.74   2.33207e+06   2.15065e+06   1.79775e+06   1.04656e+06        839947
         6.75   2.33144e+06   2.14841e+06   1.79678e+06   1.04577e+06        840080
         6.76   2.32928e+06   2.14731e+06   1.79579e+06   1.04372e+06        822198
         6.77    2.3274e+06     2.145e+06   1.79094e+06   1.04407e+06        840516
         6.78   2.32568e+06   2.14275e+06   1.79098e+06   1.04607e+06        842096
         6.79   2.32352e+06    2.1411e+06   1.79022e+06    1.0424e+06        822350
          6.8   2.32165e+06   2.13764e+06   1.78965e+06   1.04205e+06        824759
         6.81   2.31992e+06   2.13777e+06   1.78597e+06   1.03799e+06        836304
         6.82   2.31777e+06   2.13553e+06   1.78541e+06   1.03631e+06        834799
         6.83    2.3159e+06   2.13381e+06   1.78312e+06   1.03095e+06        834228
         6.84   2.31193e+06   2.13156e+06    1.7814e+06   1.02881e+06        822080
         6.85   2.31203e+06   2.13046e+06   1.78086e+06   1.03118e+06        815831
         6.86   2.30989e+06   2.12823e+06    1.7759e+06   1.03178e+06        819058
         6.87   2.30771e+06   2.12658e+06   1.77729e+06   1.02165e+06        824335
         6.88   2.30582e+06   2.12428e+06   1.77655e+06   1.02115e+06        825409
         6.89   2.30367e+06   2.12084e+06   1.77311e+06   1.02522e+06        823613
          6.9   2.30185e+06   2.12102e+06   1.77299e+06   1.02986e+06        819982
         6.91   2.29969e+06    2.1194e+06   1.76505e+06   1.03032e+06        820742
         6.92   2.29745e+06   2.11714e+06   1.76883e+06   1.02016e+06        817673
         6.93   2.29554e+06   2.11487e+06    1.7686e+06   1.02478e+06        826766
         6.94   2.29229e+06   2.11148e+06   1.76435e+06   1.01626e+06        814066
         6.95   2.29201e+06   2.11227e+06   1.76442e+06   1.02384e+06        825565
         6.96   2.28973e+06   2.11003e+06   1.75595e+06    1.0237e+06        806820
         6.97   2.28745e+06   2.10777e+06   1.76042e+06   1.02212e+06        825992
         6.98   2.28595e+06   2.10549e+06   1.76012e+06   1.02047e+06        810820
         6.99   2.28372e+06   2.10302e+06   1.75677e+06   1.01993e+06        806759
            7   2.28137e+06   2.10031e+06   1.75658e+06   1.01044e+06        820507
         7.01   2.28002e+06   2.10109e+06   1.75275e+06   1.01793e+06        818355
         7.02   2.27776e+06   2.09844e+06   1.75298e+06   1.02007e+06        818370
         7.03   2.27551e+06   2.09667e+06   1.74472e+06   1.01783e+06        816261
         7.04   2.27404e+06   2.09481e+06    1.7494e+06     1.005e+06        820777
         7.05   2.27178e+06   2.09293e+06   1.74907e+06   1.01037e+06        811762
         7.06   2.27037e+06   2.09105e+06   1.74586e+06   1.00475e+06        809207
         7.07   2.26813e+06   2.08918e+06   1.74514e+06   1.01358e+06        801366
         7.08   2.26588e+06   2.08785e+06    1.7423e+06   1.01391e+06        816577
         7.09   2.26441e+06   2.08592e+06   1.74188e+06   1.01145e+06        816304
          7.1   2.26217e+06     2.084e+06   1.73783e+06   1.01086e+06        807310
         7.11   2.25992e+06   2.08208e+06   1.73849e+06   1.00852e+06        802060
         7.12   2.25853e+06   2.08016e+06   1.73356e+06   1.00537e+06        801240
         7.13    2.2563e+06   2.07825e+06   1.73487e+06   1.00441e+06        810770
         7.14   2.25483e+06   2.07529e+06   1.73441e+06   1.00596e+06        809262
         7.15    2.2526e+06   2.07307e+06   1.73071e+06   1.00627e+06        808155
         7.16   2.25038e+06   2.07113e+06   1.73104e+06   1.00529e+06        807290
         7.17   2.24815e+06   2.07014e+06   1.72725e+06   1.00418e+06        808783
         7.18   2.24679e+06   2.07031e+06   1.72776e+06   1.00209e+06        806036
         7.19   2.24457e+06   2.06846e+06   1.72066e+06   1.00154e+06        807499
          7.2   2.24311e+06   2.06658e+06   1.72394e+06   1.00119e+06        789983
         7.21   2.24089e+06    2.0647e+06   1.71917e+06   1.00104e+06        799269
         7.22   2.23868e+06   2.06282e+06   1.72018e+06        999680        787408
         7.23   2.23646e+06   2.06095e+06   1.72054e+06        998900        800748
         7.24   2.23511e+06   2.05909e+06   1.71678e+06        996299        803456
         7.25   2.23361e+06   2.05727e+06   1.71683e+06        994213        803264
         7.26   2.23144e+06   2.05543e+06    1.7136e+06        985812        795878
         7.27   2.22923e+06   2.05361e+06   1.71375e+06        991661        801460
         7.28   2.22702e+06   2.05206e+06   1.71048e+06        992579        801183
         7.29   2.22482e+06   2.04819e+06   1.71055e+06        989927        785343
          7.3   2.22168e+06   2.04771e+06   1.70723e+06        978784        790610
         7.31   2.22204e+06   2.04608e+06   1.70733e+06        987985        788285
         7.32   2.21985e+06   2.04396e+06   1.70414e+06        989208        799121
         7.33   2.21767e+06   2.04235e+06   1.70414e+06        987900        784313
         7.34   2.21549e+06    2.0408e+06   1.70099e+06        987531        793754
         7.35   2.21331e+06    2.0392e+06     1.701e+06        987841        798203
         7.36   2.21112e+06   2.03756e+06   1.69787e+06        985718        797577
         7.37   2.20976e+06   2.03596e+06   1.69767e+06        987429        794782
         7.38   2.20823e+06   2.03436e+06   1.69476e+06        980352        788759
         7.39   2.20604e+06   2.02937e+06   1.69436e+06        971242        795873
          7.4   2.20387e+06   2.02939e+06   1.69166e+06        981605        792566
         7.41   2.20163e+06   2.02782e+06    1.6912e+06        982136        775543
         7.42   2.19845e+06   2.02626e+06   1.68834e+06        982540        785328
         7.43    2.1988e+06    2.0248e+06   1.68823e+06        980487        788277
         7.44   2.19666e+06   2.02289e+06   1.68533e+06        979624        782581
         7.45   2.19443e+06    2.0214e+06   1.68547e+06        975428        777690
         7.46   2.19221e+06    2.0199e+06   1.68234e+06        968019        789102
         7.47   2.19004e+06   2.01489e+06   1.68302e+06        965658        774780
         7.48   2.18932e+06   2.01494e+06    1.6794e+06        962074        786762
         7.49   2.18716e+06   2.01371e+06   1.67883e+06        971936        786509
          7.5   2.18493e+06   2.01256e+06   1.67619e+06        972985        785150
         7.51   2.18272e+06   2.01093e+06   1.67388e+06        973474        783391
         7.52   2.18047e+06   2.00805e+06   1.67313e+06        972240        785848
         7.53   2.17894e+06   2.00668e+06   1.66573e+06        971122        778287
         7.54   2.17548e+06   2.00497e+06   1.66984e+06        968052        782334
         7.55   2.17493e+06   2.00382e+06    1.6679e+06        959278        778569
         7.56   2.17397e+06   2.00205e+06   1.66719e+06        967139        782605
         7.57   2.16975e+06   1.99902e+06   1.66494e+06        967435        783841
         7.58   2.16917e+06   1.99762e+06   1.66478e+06        966057        772232
         7.59   2.16735e+06   1.99598e+06   1.66186e+06        964924        765248
          7.6   2.16551e+06   1.99492e+06   1.66258e+06        964440        769995
         7.61   2.16367e+06   1.99133e+06   1.65886e+06        963690        781605
         7.62   2.16183e+06   1.99019e+06   1.65677e+06        963561        781548
         7.63   2.15998e+06   1.98882e+06   1.65599e+06        961990        773390
         7.64   2.15813e+06    1.9873e+06   1.64924e+06        961082        779871
         7.65   2.15629e+06   1.98646e+06   1.65342e+06        961010        779988
         7.66   2.15444e+06   1.98301e+06   1.65028e+06        960174        780041
         7.67   2.15259e+06   1.98205e+06   1.65101e+06        958913        774538
         7.68   2.15076e+06   1.98075e+06    1.6478e+06        955160        769662
         7.69   2.14889e+06    1.9779e+06   1.64876e+06        956232        777959
          7.7   2.14644e+06   1.97643e+06   1.64506e+06        955483        778350
         7.71   2.14461e+06   1.97553e+06   1.64048e+06        956489        770747
         7.72   2.14279e+06    1.9704e+06   1.64299e+06        953970        761139
         7.73   2.14097e+06   1.97128e+06   1.63907e+06        943162        764821
         7.74   2.13916e+06   1.96978e+06   1.64056e+06        952897        767577
         7.75   2.13735e+06   1.96852e+06   1.63736e+06        954009        766393
         7.76   2.13555e+06   1.96559e+06   1.63781e+06        952930        769496
         7.77   2.13375e+06    1.9641e+06   1.63467e+06        950329        764512
         7.78   2.13195e+06   1.96302e+06   1.63143e+06        950908        771469
         7.79   2.13016e+06   1.95796e+06   1.63236e+06        951234        759186
          7.8   2.12837e+06   1.95877e+06   1.62946e+06        942132        771469
         7.81   2.12419e+06    1.9572e+06    1.6304e+06        943352        752893
         7.82   2.12258e+06   1.95635e+06   1.62741e+06        945711        754166
         7.83   2.12181e+06   1.95306e+06   1.62591e+06        945506        760582
         7.84   2.12002e+06   1.95186e+06     1.625e+06        946223        768378
         7.85   2.11823e+06    1.9508e+06   1.62133e+06        941205        756736
         7.86   2.11645e+06   1.94791e+06   1.62256e+06        925362        765958
         7.87   2.11467e+06    1.9466e+06   1.61954e+06        940372        761987
         7.88    2.1129e+06   1.94548e+06   1.61906e+06        937933        765663
         7.89   2.11113e+06   1.94265e+06   1.61737e+06        927450        763407
          7.9   2.10936e+06    1.9413e+06   1.61344e+06        938854        763772
         7.91   2.10788e+06   1.94016e+06   1.61513e+06        939518        762620
         7.92   2.10608e+06   1.93539e+06   1.61205e+06        937114        760665
         7.93   2.10164e+06   1.93631e+06   1.61213e+06        936286        744838
         7.94   2.10162e+06    1.9352e+06   1.60966e+06        934757        760695
         7.95   2.09954e+06   1.92986e+06     1.603e+06        923333        760698
         7.96   2.09805e+06   1.93093e+06   1.60759e+06        933418        763886
         7.97   2.09656e+06   1.93014e+06   1.60421e+06        932870        762782
         7.98   2.09506e+06   1.92724e+06   1.60476e+06        928672        753272
         7.99   2.09211e+06   1.92617e+06   1.60194e+06        929029        744265
            8   2.09064e+06   1.92513e+06   1.59902e+06        922258        760138
         8.01    2.0886e+06    1.9223e+06   1.60035e+06        927444        756640
         8.02   2.08712e+06   1.92112e+06   1.59711e+06        918365        744680
         8.03   2.08565e+06   1.91827e+06   1.59486e+06        925945        738906
         8.04   2.08149e+06   1.91709e+06   1.59471e+06        920746        753462
         8.05   2.08122e+06   1.91631e+06   1.59234e+06        926815        752489
         8.06   2.07977e+06    1.9133e+06   1.59244e+06        927033        743476
         8.07   2.07774e+06    1.9126e+06   1.59021e+06        926078        748670
         8.08   2.07626e+06   1.90981e+06    1.5873e+06        923409        753305
         8.09   2.07184e+06   1.90875e+06   1.58795e+06        915345        755134
          8.1   2.07184e+06   1.90805e+06   1.58573e+06        908700        745711
         8.11    2.0704e+06   1.90482e+06   1.58065e+06        918631        739125
         8.12   2.06894e+06   1.90409e+06   1.58464e+06        920986        750307
         8.13   2.06693e+06   1.90121e+06   1.58128e+06        920540        746193
         8.14   2.06417e+06   1.90017e+06   1.57119e+06        920054        745217
         8.15   2.06251e+06   1.89907e+06   1.58009e+06        920602        748570
         8.16   2.06108e+06   1.89642e+06   1.57638e+06        909994        747858
         8.17   2.05963e+06    1.8956e+06   1.57659e+06        917450        750318
         8.18   2.05765e+06   1.89249e+06   1.57507e+06        917769        743746
         8.19   2.05521e+06   1.89171e+06   1.56654e+06        916045        745446
          8.2   2.05351e+06    1.8891e+06   1.57202e+06        917344        748093
         8.21   2.05232e+06   1.88821e+06   1.56936e+06        910143        733334
         8.22   2.04928e+06   1.88543e+06   1.57013e+06        911756        747807
         8.23   2.04763e+06   1.88444e+06   1.56441e+06        913413        741849
         8.24   2.04644e+06   1.88257e+06    1.5646e+06        910938        741881
         8.25   2.04523e+06   1.88085e+06   1.55943e+06        900395        735294
         8.26   2.04226e+06   1.88059e+06   1.56247e+06        900721        741063
         8.27   2.04057e+06   1.87736e+06    1.5642e+06        908899        739956
         8.28   2.03938e+06   1.87701e+06   1.55987e+06        908748        741446
         8.29   2.03471e+06   1.87402e+06   1.55033e+06        908617        739577
          8.3   2.03523e+06   1.87368e+06   1.55824e+06        908232        742471
         8.31   2.03355e+06   1.87037e+06   1.55414e+06        903984        744747
         8.32   2.03236e+06   1.87004e+06   1.55505e+06        897649        731925
         8.33   2.02939e+06   1.86703e+06   1.55309e+06        890572        736290
         8.34   2.02824e+06    1.8664e+06   1.54964e+06        890577        737561
         8.35   2.02656e+06   1.86345e+06   1.55169e+06        892326        738218
         8.36   2.02359e+06   1.86314e+06    1.5484e+06        896301        726874
         8.37   2.02245e+06   1.86009e+06   1.54369e+06        901312        738399
         8.38    2.0208e+06   1.85992e+06   1.54729e+06        885265        738351
         8.39   2.01831e+06   1.85681e+06   1.54342e+06        900336        739955
          8.4   2.01695e+06   1.85666e+06   1.53908e+06        900218        735804
         8.41   2.01555e+06   1.85354e+06    1.5412e+06        899623        734861
         8.42   2.01308e+06   1.85312e+06   1.54078e+06        898936        734905
         8.43   2.01174e+06   1.85043e+06   1.53909e+06        898715        731699
         8.44   2.01033e+06   1.84441e+06   1.53631e+06        883382        731781
         8.45   2.00745e+06   1.84722e+06   1.53774e+06        883889        733707
         8.46   2.00659e+06   1.84312e+06   1.53334e+06        889562        725948
         8.47   2.00365e+06   1.84409e+06   1.53557e+06        895136        734244
         8.48   2.00235e+06   1.84124e+06   1.53012e+06        895776        731520
         8.49   2.00147e+06   1.84081e+06   1.52819e+06        894690        731185
          8.5   1.99859e+06   1.83798e+06   1.53078e+06        893702        723813
         8.51   1.99721e+06   1.83786e+06   1.52612e+06        888033        725044
         8.52   1.99466e+06   1.83491e+06   1.52397e+06        890360        714131
         8.53   1.99339e+06    1.8346e+06   1.52605e+06        890838        717834
         8.54   1.99201e+06   1.83182e+06   1.52329e+06        886347        713890
         8.55    1.9891e+06    1.8315e+06   1.51982e+06        884420        727894
         8.56   1.98823e+06   1.82836e+06   1.52138e+06        888377        732041
         8.57   1.98715e+06   1.82237e+06   1.51787e+06        887652        724993
         8.58   1.98431e+06   1.82524e+06   1.51505e+06        887122        720562
         8.59   1.98331e+06   1.82277e+06   1.51849e+06        886828        719937
          8.6   1.98042e+06   1.82246e+06   1.51402e+06        885869        715072
         8.61   1.97937e+06   1.81959e+06   1.51088e+06        884068        716087
         8.62   1.97693e+06   1.81937e+06   1.51233e+06        875409        719134
         8.63   1.97592e+06    1.8167e+06   1.50951e+06        882999        728048
         8.64   1.97185e+06   1.81617e+06   1.50788e+06        883482        722577
         8.65   1.97201e+06   1.81342e+06    1.5074e+06        877921        729144
         8.66   1.97096e+06   1.81115e+06   1.50611e+06        874201        723868
         8.67   1.96854e+06   1.81088e+06   1.50253e+06        876971        718128
         8.68   1.96707e+06   1.80806e+06   1.50329e+06        879588        723088
         8.69   1.96459e+06   1.80832e+06   1.50195e+06        877406        725371
          8.7   1.96353e+06    1.8051e+06   1.50124e+06        867632        718249
         8.71   1.96063e+06    1.8028e+06   1.49946e+06        877262        723137
         8.72   1.95955e+06   1.80249e+06   1.49699e+06        875530        725797
         8.73   1.95842e+06   1.79977e+06   1.49818e+06        868248        714921
         8.74   1.95598e+06   1.79987e+06   1.49528e+06        873968        714482
         8.75   1.95512e+06   1.79674e+06   1.49309e+06        873650        720394
         8.76   1.95221e+06    1.7945e+06   1.49082e+06        872246        722962
         8.77   1.95141e+06   1.79442e+06   1.49267e+06        872903        722474
         8.78   1.94847e+06   1.79151e+06   1.48868e+06        873089        721115
         8.79    1.9477e+06   1.79162e+06    1.4861e+06        872701        720425
          8.8   1.94515e+06   1.78869e+06   1.48859e+06        870718        718142
         8.81   1.94398e+06   1.78617e+06   1.48562e+06        862757        719976
         8.82   1.94143e+06   1.78643e+06   1.48415e+06        866418        717886
         8.83   1.94066e+06   1.78342e+06   1.48228e+06        859838        716448
         8.84   1.93771e+06   1.78124e+06   1.48018e+06        864896        705456
         8.85   1.93695e+06   1.78111e+06   1.48165e+06        861479        718405
         8.86   1.93438e+06   1.77842e+06    1.4773e+06        863756        719211
         8.87   1.93345e+06   1.77191e+06   1.46851e+06        865328        718902
         8.88   1.93091e+06   1.77587e+06   1.47594e+06        866098        713392
         8.89   1.93001e+06    1.7735e+06   1.47257e+06        864993        716530
          8.9   1.92745e+06   1.77007e+06   1.47581e+06        864816        717283
         8.91   1.92661e+06   1.77092e+06   1.47148e+06        857018        717436
         8.92   1.92406e+06   1.76851e+06   1.46772e+06        862581        716025
         8.93   1.92323e+06   1.76878e+06   1.46809e+06        863480        715797
         8.94   1.92066e+06   1.76581e+06   1.46721e+06        847364        715899
         8.95   1.91976e+06   1.76344e+06   1.46691e+06        860159        714683
         8.96   1.91685e+06   1.76379e+06   1.46418e+06        860596        700466
         8.97   1.91634e+06    1.7609e+06   1.46327e+06        848793        712940
         8.98   1.91376e+06   1.75842e+06   1.46288e+06        858683        696861
         8.99   1.91223e+06    1.7585e+06    1.4607e+06        859500        704956
            9   1.91015e+06   1.75591e+06   1.45419e+06        850656        710592
         9.01   1.90685e+06   1.75357e+06   1.45801e+06        843935        712018
         9.02   1.90691e+06   1.75355e+06   1.45643e+06        853052        711938
         9.03    1.9044e+06   1.75097e+06   1.45448e+06        854670        710316
         9.04    1.9037e+06   1.74854e+06   1.45467e+06        855349        708743
         9.05   1.90115e+06   1.74873e+06   1.45304e+06        851647        710677
         9.06   1.90049e+06   1.74609e+06   1.45042e+06        838295        708441
         9.07   1.89793e+06    1.7437e+06    1.4454e+06        850857        708961
         9.08   1.89729e+06   1.74376e+06   1.44932e+06        850420        710672
         9.09   1.89437e+06   1.74121e+06   1.44629e+06        845711        707876
          9.1   1.88906e+06   1.73894e+06   1.44499e+06        847502        706852
         9.11   1.89144e+06   1.73899e+06   1.44387e+06        848758        704823
         9.12   1.88889e+06   1.73624e+06   1.43797e+06        847275        708565
         9.13   1.88821e+06    1.7341e+06   1.44202e+06        847049        702197
         9.14    1.8856e+06   1.73424e+06   1.43979e+06        843795        704352
         9.15   1.88527e+06   1.73124e+06   1.43705e+06        844325        702831
         9.16   1.88269e+06   1.72931e+06   1.44111e+06        844346        704450
         9.17   1.88014e+06   1.72992e+06   1.43607e+06        846256        706881
         9.18   1.87962e+06    1.7264e+06   1.43772e+06        845425        704677
         9.19   1.87699e+06   1.72422e+06    1.4341e+06        843537        689233
          9.2   1.87644e+06   1.72514e+06   1.43052e+06        843381        702569
         9.21   1.87386e+06    1.7219e+06   1.43243e+06        840145        704264
         9.22   1.87135e+06   1.71923e+06   1.42975e+06        843732        700570
         9.23   1.87081e+06   1.72035e+06   1.43167e+06        833449        702610
         9.24   1.86817e+06   1.71741e+06   1.42621e+06        830274        702655
         9.25   1.86799e+06    1.7146e+06   1.42366e+06        835621        700988
         9.26   1.86536e+06    1.7155e+06    1.4264e+06        839904        701497
         9.27   1.86283e+06   1.71271e+06   1.42272e+06        840219        694228
         9.28   1.86257e+06   1.71017e+06   1.42023e+06        834190        688260
         9.29   1.85989e+06   1.71111e+06   1.41844e+06        833264        698035
          9.3   1.85764e+06   1.70744e+06   1.42094e+06        836276        698926
         9.31   1.85713e+06   1.70535e+06    1.4177e+06        834539        692465
         9.32   1.85448e+06   1.70676e+06   1.41598e+06        834444        688354
         9.33   1.85417e+06   1.70334e+06   1.40336e+06        825306        687227
         9.34   1.85153e+06   1.70029e+06   1.41559e+06        833666        696966
         9.35   1.84899e+06   1.69498e+06   1.41231e+06        834276        699139
         9.36   1.84895e+06   1.69919e+06   1.40907e+06        826242        693256
         9.37   1.84626e+06   1.69629e+06   1.41025e+06        829497        695817
         9.38   1.84379e+06   1.69351e+06    1.4074e+06        830334        695987
         9.39   1.84369e+06    1.6952e+06   1.40705e+06        832877        690574
          9.4     1.841e+06   1.69199e+06   1.40678e+06        827196        692078
         9.41   1.83528e+06   1.68894e+06    1.4043e+06        830770        690509
         9.42   1.83863e+06    1.6906e+06   1.40185e+06        830647        691170
         9.43   1.83591e+06   1.68766e+06   1.40134e+06        828485        695513
         9.44   1.83221e+06   1.68486e+06   1.40253e+06        825027        693569
         9.45   1.83316e+06   1.67667e+06   1.39984e+06        823655        688779
         9.46   1.83053e+06   1.68367e+06   1.39613e+06        827656        690569
         9.47   1.83039e+06   1.68087e+06   1.39826e+06        821745        691110
         9.48   1.82797e+06   1.67838e+06   1.39655e+06        825871        689893
         9.49   1.82539e+06   1.67953e+06   1.39344e+06        824331        693360
          9.5   1.82551e+06   1.67712e+06   1.39427e+06        822507        690052
         9.51   1.82283e+06   1.67434e+06   1.39178e+06        824983        692030
         9.52   1.82024e+06   1.67182e+06   1.38937e+06        820176        686742
         9.53   1.82049e+06   1.67289e+06   1.39147e+06        822253        686472
         9.54   1.81782e+06   1.67016e+06   1.38583e+06        814304        686642
         9.55   1.81547e+06   1.66764e+06    1.3889e+06        820794        689537
         9.56   1.81522e+06   1.66019e+06   1.38455e+06        820215        689054
         9.57   1.81283e+06   1.66645e+06    1.3825e+06        810960        691449
         9.58   1.81044e+06   1.66328e+06   1.38565e+06        819039        686087
         9.59   1.80427e+06   1.66105e+06   1.38131e+06        821371        690106
          9.6   1.80795e+06   1.65317e+06   1.38049e+06        819395        689341
         9.61   1.80548e+06    1.6604e+06   1.37802e+06        813628        689215
         9.62   1.80306e+06   1.65721e+06    1.3801e+06        809883        681784
         9.63   1.80304e+06   1.65475e+06   1.37656e+06        808034        685045
         9.64   1.80049e+06   1.64703e+06   1.37508e+06        814433        684214
         9.65   1.79803e+06   1.65429e+06   1.36575e+06        813863        672906
         9.66   1.79833e+06   1.65129e+06   1.37383e+06        812120        684041
         9.67   1.79572e+06   1.64827e+06   1.37116e+06        814126        680541
         9.68   1.79337e+06   1.65002e+06   1.36772e+06        814194        686166
         9.69   1.79368e+06   1.64739e+06   1.37139e+06        803532        686988
          9.7   1.79092e+06   1.64476e+06   1.36695e+06        808381        680391
         9.71   1.78849e+06   1.63677e+06   1.36812e+06        806650        685501
         9.72   1.78276e+06   1.64309e+06   1.36534e+06        801559        683414
         9.73   1.78642e+06   1.63955e+06   1.36139e+06        810266        683364
         9.74   1.78395e+06   1.63777e+06   1.36539e+06        810911        684671
         9.75   1.78146e+06   1.63497e+06   1.36063e+06        807734        681211
         9.76   1.78194e+06   1.63754e+06   1.36237e+06        808530        681667
         9.77    1.7794e+06   1.63366e+06   1.35728e+06        810208        680091
         9.78   1.77679e+06   1.63158e+06   1.35655e+06        791644        677697
         9.79   1.77307e+06   1.63018e+06   1.35353e+06        798885        676020
          9.8    1.7749e+06   1.63195e+06   1.35622e+06        803526        675615
         9.81   1.77239e+06   1.62761e+06   1.35352e+06        801555        675207
         9.82   1.76988e+06   1.62557e+06   1.35006e+06        800035        679077
         9.83    1.7703e+06   1.62404e+06    1.3481e+06        803857        681093
         9.84   1.76772e+06   1.62573e+06   1.34926e+06        802906        676357
         9.85   1.76524e+06   1.62212e+06   1.34861e+06        803610        680647
         9.86   1.76296e+06   1.61945e+06   1.34733e+06        804385        682789
         9.87   1.76321e+06   1.61856e+06   1.34436e+06        801428        677826
         9.88   1.76083e+06   1.61013e+06   1.34479e+06        801704        678481
         9.89   1.75845e+06   1.61669e+06   1.34403e+06        802105        681706
          9.9   1.75904e+06   1.61313e+06   1.34291e+06        797357        672964
         9.91   1.75642e+06   1.61158e+06   1.34005e+06        799850        673817
         9.92     1.754e+06   1.61196e+06   1.33815e+06        800243        677124
         9.93   1.75168e+06   1.61032e+06   1.33757e+06        798546        678128
         9.94   1.75233e+06   1.60733e+06   1.33773e+06        786678        676324
         9.95   1.74968e+06   1.60573e+06   1.33428e+06        796972        670705
         9.96    1.7473e+06   1.60467e+06   1.33626e+06        797395        680566
         9.97   1.74501e+06   1.60311e+06   1.33114e+06        797809        678362
         9.98   1.74575e+06   1.60444e+06   1.33308e+06        792485        671236
         9.99   1.74308e+06   1.60187e+06   1.32956e+06        794276        676539
           10   1.74069e+06    1.5989e+06   1.32961e+06        794864        677803
