/*--------------------------------*- C++ -*----------------------------------*\
| =========                 |                                                 |
| \\      /  F ield         | OpenFOAM: The Open Source CFD Toolbox           |
|  \\    /   O peration     | Version:  2.4.0                                 |
|   \\  /    A nd           | Web:      www.OpenFOAM.org                      |
|    \\/     M anipulation  |                                                 |
\*---------------------------------------------------------------------------*/
FoamFile
{
    version     2.0;
    format      ascii;
    class       vectorField;
    location    "constant/polyMesh";
    object      points;
}
// * * * * * * * * * * * * * * * * * * * * * * * * * * * * * * * * * * * * * //


1204
(
(0 -1 -1)
(2.188738728 -1 -1)
(4.360686815 -1 -1)
(6.51597307 -1 -1)
(8.654725311 -1 -1)
(10.77707038 -1 -1)
(12.88313413 -1 -1)
(14.97304148 -1 -1)
(17.04691636 -1 -1)
(19.10488176 -1 -1)
(21.14705974 -1 -1)
(23.1735714 -1 -1)
(25.18453692 -1 -1)
(27.18007557 -1 -1)
(29.16030569 -1 -1)
(31.12534471 -1 -1)
(33.07530918 -1 -1)
(35.01031474 -1 -1)
(36.93047614 -1 -1)
(38.83590726 -1 -1)
(40.7267211 -1 -1)
(42.60302979 -1 -1)
(44.46494461 -1 -1)
(46.31257598 -1 -1)
(48.14603347 -1 -1)
(49.96542582 -1 -1)
(51.77086092 -1 -1)
(53.56244585 -1 -1)
(55.34028686 -1 -1)
(57.10448937 -1 -1)
(58.85515803 -1 -1)
(60.59239664 -1 -1)
(62.31630825 -1 -1)
(64.02699507 -1 -1)
(65.72455858 -1 -1)
(67.40909943 -1 -1)
(69.08071753 -1 -1)
(70.73951203 -1 -1)
(72.38558128 -1 -1)
(74.01902292 -1 -1)
(75.63993381 -1 -1)
(77.24841008 -1 -1)
(78.84454712 -1 -1)
(80.42843959 -1 -1)
(82.00018143 -1 -1)
(83.55986584 -1 -1)
(85.10758533 -1 -1)
(86.64343167 -1 -1)
(88.16749596 -1 -1)
(89.67986858 -1 -1)
(91.18063921 -1 -1)
(92.66989687 -1 -1)
(94.14772987 -1 -1)
(95.61422586 -1 -1)
(97.0694718 -1 -1)
(98.51355401 -1 -1)
(99.94655811 -1 -1)
(101.3685691 -1 -1)
(102.7796713 -1 -1)
(104.1799484 -1 -1)
(105.5694835 -1 -1)
(106.9483589 -1 -1)
(108.3166564 -1 -1)
(109.6744572 -1 -1)
(111.0218418 -1 -1)
(112.3588901 -1 -1)
(113.6856814 -1 -1)
(115.0022944 -1 -1)
(116.3088072 -1 -1)
(117.6052972 -1 -1)
(118.8918413 -1 -1)
(120.1685159 -1 -1)
(121.4353966 -1 -1)
(122.6925587 -1 -1)
(123.9400765 -1 -1)
(125.1780242 -1 -1)
(126.4064751 -1 -1)
(127.625502 -1 -1)
(128.8351774 -1 -1)
(130.0355729 -1 -1)
(131.2267597 -1 -1)
(132.4088085 -1 -1)
(133.5817893 -1 -1)
(134.7457718 -1 -1)
(135.9008249 -1 -1)
(137.0470171 -1 -1)
(138.1844165 -1 -1)
(139.3130904 -1 -1)
(140.4331059 -1 -1)
(141.5445293 -1 -1)
(142.6474266 -1 -1)
(143.7418631 -1 -1)
(144.8279038 -1 -1)
(145.9056131 -1 -1)
(146.9750548 -1 -1)
(148.0362925 -1 -1)
(149.089389 -1 -1)
(150.1344068 -1 -1)
(151.1714078 -1 -1)
(152.2004537 -1 -1)
(153.2216053 -1 -1)
(154.2349233 -1 -1)
(155.2404678 -1 -1)
(156.2382984 -1 -1)
(157.2284742 -1 -1)
(158.211054 -1 -1)
(159.1860961 -1 -1)
(160.1536582 -1 -1)
(161.1137978 -1 -1)
(162.0665719 -1 -1)
(163.0120368 -1 -1)
(163.9502487 -1 -1)
(164.8812633 -1 -1)
(165.8051356 -1 -1)
(166.7219206 -1 -1)
(167.6316726 -1 -1)
(168.5344456 -1 -1)
(169.430293 -1 -1)
(170.3192681 -1 -1)
(171.2014235 -1 -1)
(172.0768115 -1 -1)
(172.9454841 -1 -1)
(173.8074928 -1 -1)
(174.6628887 -1 -1)
(175.5117226 -1 -1)
(176.3540447 -1 -1)
(177.189905 -1 -1)
(178.0193532 -1 -1)
(178.8424383 -1 -1)
(179.6592093 -1 -1)
(180.4697144 -1 -1)
(181.2740019 -1 -1)
(182.0721194 -1 -1)
(182.8641143 -1 -1)
(183.6500334 -1 -1)
(184.4299235 -1 -1)
(185.2038307 -1 -1)
(185.971801 -1 -1)
(186.7338799 -1 -1)
(187.4901126 -1 -1)
(188.240544 -1 -1)
(188.9852185 -1 -1)
(189.7241804 -1 -1)
(190.4574734 -1 -1)
(191.185141 -1 -1)
(191.9072264 -1 -1)
(192.6237724 -1 -1)
(193.3348216 -1 -1)
(194.040416 -1 -1)
(194.7405975 -1 -1)
(195.4354076 -1 -1)
(196.1248877 -1 -1)
(196.8090784 -1 -1)
(197.4880205 -1 -1)
(198.1617541 -1 -1)
(198.8303193 -1 -1)
(199.4937557 -1 -1)
(200.1521026 -1 -1)
(200.805399 -1 -1)
(201.4536838 -1 -1)
(202.0969954 -1 -1)
(202.7353718 -1 -1)
(203.3688511 -1 -1)
(203.9974706 -1 -1)
(204.6212678 -1 -1)
(205.2402797 -1 -1)
(205.8545428 -1 -1)
(206.4640937 -1 -1)
(207.0689685 -1 -1)
(207.6692031 -1 -1)
(208.264833 -1 -1)
(208.8558937 -1 -1)
(209.4424201 -1 -1)
(210.024447 -1 -1)
(210.602009 -1 -1)
(211.1751403 -1 -1)
(211.7438749 -1 -1)
(212.3082465 -1 -1)
(212.8682886 -1 -1)
(213.4240344 -1 -1)
(213.9755169 -1 -1)
(214.5227688 -1 -1)
(215.0658224 -1 -1)
(215.6047101 -1 -1)
(216.1394638 -1 -1)
(216.6701152 -1 -1)
(217.1966958 -1 -1)
(217.7192367 -1 -1)
(218.2377691 -1 -1)
(218.7523236 -1 -1)
(219.2629307 -1 -1)
(219.7696208 -1 -1)
(220.2724239 -1 -1)
(220.7713698 -1 -1)
(221.2664881 -1 -1)
(221.7578082 -1 -1)
(222.2453591 -1 -1)
(222.7291699 -1 -1)
(223.2092692 -1 -1)
(223.6856854 -1 -1)
(224.1584469 -1 -1)
(224.6275816 -1 -1)
(225.0931175 -1 -1)
(225.555082 -1 -1)
(226.0135026 -1 -1)
(226.4684066 -1 -1)
(226.9198207 -1 -1)
(227.3677719 -1 -1)
(227.8122867 -1 -1)
(228.2533915 -1 -1)
(228.6911124 -1 -1)
(229.1254754 -1 -1)
(229.5565062 -1 -1)
(229.9842304 -1 -1)
(230.4086733 -1 -1)
(230.8298602 -1 -1)
(231.247816 -1 -1)
(231.6625656 -1 -1)
(232.0741334 -1 -1)
(232.4825439 -1 -1)
(232.8878214 -1 -1)
(233.2899898 -1 -1)
(233.689073 -1 -1)
(234.0850948 -1 -1)
(234.4780785 -1 -1)
(234.8680474 -1 -1)
(235.2550248 -1 -1)
(235.6390335 -1 -1)
(236.0200963 -1 -1)
(236.3982359 -1 -1)
(236.7734746 -1 -1)
(237.1458347 -1 -1)
(237.5153383 -1 -1)
(237.8820073 -1 -1)
(238.2458635 -1 -1)
(238.6069283 -1 -1)
(238.9652233 -1 -1)
(239.3207697 -1 -1)
(239.6735885 -1 -1)
(240.0237008 -1 -1)
(240.3711272 -1 -1)
(240.7158884 -1 -1)
(241.0580047 -1 -1)
(241.3974966 -1 -1)
(241.7343841 -1 -1)
(242.0686872 -1 -1)
(242.4004257 -1 -1)
(242.7296194 -1 -1)
(243.0562877 -1 -1)
(243.38045 -1 -1)
(243.7021255 -1 -1)
(244.0213333 -1 -1)
(244.3380923 -1 -1)
(244.6524214 -1 -1)
(244.9643392 -1 -1)
(245.2738641 -1 -1)
(245.5810145 -1 -1)
(245.8858086 -1 -1)
(246.1882646 -1 -1)
(246.4884003 -1 -1)
(246.7862336 -1 -1)
(247.081782 -1 -1)
(247.3750632 -1 -1)
(247.6660945 -1 -1)
(247.9548933 -1 -1)
(248.2414765 -1 -1)
(248.5258612 -1 -1)
(248.8080644 -1 -1)
(249.0881026 -1 -1)
(249.3659926 -1 -1)
(249.6417507 -1 -1)
(249.9153934 -1 -1)
(250.1869369 -1 -1)
(250.4563973 -1 -1)
(250.7237906 -1 -1)
(250.9891325 -1 -1)
(251.252439 -1 -1)
(251.5137255 -1 -1)
(251.7730076 -1 -1)
(252.0303006 -1 -1)
(252.2856199 -1 -1)
(252.5389805 -1 -1)
(252.7903974 -1 -1)
(253.0398857 -1 -1)
(253.28746 -1 -1)
(253.5331351 -1 -1)
(253.7769256 -1 -1)
(254.0188458 -1 -1)
(254.2589102 -1 -1)
(254.4971329 -1 -1)
(254.7335282 -1 -1)
(254.9681099 -1 -1)
(255.2008921 -1 -1)
(255.4318886 -1 -1)
(255.661113 -1 -1)
(255.8885789 -1 -1)
(256.1142998 -1 -1)
(256.3382892 -1 -1)
(256.5605602 -1 -1)
(256.7811261 -1 -1)
(257 -1 -1)
(0 1 -1)
(2.188738728 1 -1)
(4.360686815 1 -1)
(6.51597307 1 -1)
(8.654725311 1 -1)
(10.77707038 1 -1)
(12.88313413 1 -1)
(14.97304148 1 -1)
(17.04691636 1 -1)
(19.10488176 1 -1)
(21.14705974 1 -1)
(23.1735714 1 -1)
(25.18453692 1 -1)
(27.18007557 1 -1)
(29.16030569 1 -1)
(31.12534471 1 -1)
(33.07530918 1 -1)
(35.01031474 1 -1)
(36.93047614 1 -1)
(38.83590726 1 -1)
(40.7267211 1 -1)
(42.60302979 1 -1)
(44.46494461 1 -1)
(46.31257598 1 -1)
(48.14603347 1 -1)
(49.96542582 1 -1)
(51.77086092 1 -1)
(53.56244585 1 -1)
(55.34028686 1 -1)
(57.10448937 1 -1)
(58.85515803 1 -1)
(60.59239664 1 -1)
(62.31630825 1 -1)
(64.02699507 1 -1)
(65.72455858 1 -1)
(67.40909943 1 -1)
(69.08071753 1 -1)
(70.73951203 1 -1)
(72.38558128 1 -1)
(74.01902292 1 -1)
(75.63993381 1 -1)
(77.24841008 1 -1)
(78.84454712 1 -1)
(80.42843959 1 -1)
(82.00018143 1 -1)
(83.55986584 1 -1)
(85.10758533 1 -1)
(86.64343167 1 -1)
(88.16749596 1 -1)
(89.67986858 1 -1)
(91.18063921 1 -1)
(92.66989687 1 -1)
(94.14772987 1 -1)
(95.61422586 1 -1)
(97.0694718 1 -1)
(98.51355401 1 -1)
(99.94655811 1 -1)
(101.3685691 1 -1)
(102.7796713 1 -1)
(104.1799484 1 -1)
(105.5694835 1 -1)
(106.9483589 1 -1)
(108.3166564 1 -1)
(109.6744572 1 -1)
(111.0218418 1 -1)
(112.3588901 1 -1)
(113.6856814 1 -1)
(115.0022944 1 -1)
(116.3088072 1 -1)
(117.6052972 1 -1)
(118.8918413 1 -1)
(120.1685159 1 -1)
(121.4353966 1 -1)
(122.6925587 1 -1)
(123.9400765 1 -1)
(125.1780242 1 -1)
(126.4064751 1 -1)
(127.625502 1 -1)
(128.8351774 1 -1)
(130.0355729 1 -1)
(131.2267597 1 -1)
(132.4088085 1 -1)
(133.5817893 1 -1)
(134.7457718 1 -1)
(135.9008249 1 -1)
(137.0470171 1 -1)
(138.1844165 1 -1)
(139.3130904 1 -1)
(140.4331059 1 -1)
(141.5445293 1 -1)
(142.6474266 1 -1)
(143.7418631 1 -1)
(144.8279038 1 -1)
(145.9056131 1 -1)
(146.9750548 1 -1)
(148.0362925 1 -1)
(149.089389 1 -1)
(150.1344068 1 -1)
(151.1714078 1 -1)
(152.2004537 1 -1)
(153.2216053 1 -1)
(154.2349233 1 -1)
(155.2404678 1 -1)
(156.2382984 1 -1)
(157.2284742 1 -1)
(158.211054 1 -1)
(159.1860961 1 -1)
(160.1536582 1 -1)
(161.1137978 1 -1)
(162.0665719 1 -1)
(163.0120368 1 -1)
(163.9502487 1 -1)
(164.8812633 1 -1)
(165.8051356 1 -1)
(166.7219206 1 -1)
(167.6316726 1 -1)
(168.5344456 1 -1)
(169.430293 1 -1)
(170.3192681 1 -1)
(171.2014235 1 -1)
(172.0768115 1 -1)
(172.9454841 1 -1)
(173.8074928 1 -1)
(174.6628887 1 -1)
(175.5117226 1 -1)
(176.3540447 1 -1)
(177.189905 1 -1)
(178.0193532 1 -1)
(178.8424383 1 -1)
(179.6592093 1 -1)
(180.4697144 1 -1)
(181.2740019 1 -1)
(182.0721194 1 -1)
(182.8641143 1 -1)
(183.6500334 1 -1)
(184.4299235 1 -1)
(185.2038307 1 -1)
(185.971801 1 -1)
(186.7338799 1 -1)
(187.4901126 1 -1)
(188.240544 1 -1)
(188.9852185 1 -1)
(189.7241804 1 -1)
(190.4574734 1 -1)
(191.185141 1 -1)
(191.9072264 1 -1)
(192.6237724 1 -1)
(193.3348216 1 -1)
(194.040416 1 -1)
(194.7405975 1 -1)
(195.4354076 1 -1)
(196.1248877 1 -1)
(196.8090784 1 -1)
(197.4880205 1 -1)
(198.1617541 1 -1)
(198.8303193 1 -1)
(199.4937557 1 -1)
(200.1521026 1 -1)
(200.805399 1 -1)
(201.4536838 1 -1)
(202.0969954 1 -1)
(202.7353718 1 -1)
(203.3688511 1 -1)
(203.9974706 1 -1)
(204.6212678 1 -1)
(205.2402797 1 -1)
(205.8545428 1 -1)
(206.4640937 1 -1)
(207.0689685 1 -1)
(207.6692031 1 -1)
(208.264833 1 -1)
(208.8558937 1 -1)
(209.4424201 1 -1)
(210.024447 1 -1)
(210.602009 1 -1)
(211.1751403 1 -1)
(211.7438749 1 -1)
(212.3082465 1 -1)
(212.8682886 1 -1)
(213.4240344 1 -1)
(213.9755169 1 -1)
(214.5227688 1 -1)
(215.0658224 1 -1)
(215.6047101 1 -1)
(216.1394638 1 -1)
(216.6701152 1 -1)
(217.1966958 1 -1)
(217.7192367 1 -1)
(218.2377691 1 -1)
(218.7523236 1 -1)
(219.2629307 1 -1)
(219.7696208 1 -1)
(220.2724239 1 -1)
(220.7713698 1 -1)
(221.2664881 1 -1)
(221.7578082 1 -1)
(222.2453591 1 -1)
(222.7291699 1 -1)
(223.2092692 1 -1)
(223.6856854 1 -1)
(224.1584469 1 -1)
(224.6275816 1 -1)
(225.0931175 1 -1)
(225.555082 1 -1)
(226.0135026 1 -1)
(226.4684066 1 -1)
(226.9198207 1 -1)
(227.3677719 1 -1)
(227.8122867 1 -1)
(228.2533915 1 -1)
(228.6911124 1 -1)
(229.1254754 1 -1)
(229.5565062 1 -1)
(229.9842304 1 -1)
(230.4086733 1 -1)
(230.8298602 1 -1)
(231.247816 1 -1)
(231.6625656 1 -1)
(232.0741334 1 -1)
(232.4825439 1 -1)
(232.8878214 1 -1)
(233.2899898 1 -1)
(233.689073 1 -1)
(234.0850948 1 -1)
(234.4780785 1 -1)
(234.8680474 1 -1)
(235.2550248 1 -1)
(235.6390335 1 -1)
(236.0200963 1 -1)
(236.3982359 1 -1)
(236.7734746 1 -1)
(237.1458347 1 -1)
(237.5153383 1 -1)
(237.8820073 1 -1)
(238.2458635 1 -1)
(238.6069283 1 -1)
(238.9652233 1 -1)
(239.3207697 1 -1)
(239.6735885 1 -1)
(240.0237008 1 -1)
(240.3711272 1 -1)
(240.7158884 1 -1)
(241.0580047 1 -1)
(241.3974966 1 -1)
(241.7343841 1 -1)
(242.0686872 1 -1)
(242.4004257 1 -1)
(242.7296194 1 -1)
(243.0562877 1 -1)
(243.38045 1 -1)
(243.7021255 1 -1)
(244.0213333 1 -1)
(244.3380923 1 -1)
(244.6524214 1 -1)
(244.9643392 1 -1)
(245.2738641 1 -1)
(245.5810145 1 -1)
(245.8858086 1 -1)
(246.1882646 1 -1)
(246.4884003 1 -1)
(246.7862336 1 -1)
(247.081782 1 -1)
(247.3750632 1 -1)
(247.6660945 1 -1)
(247.9548933 1 -1)
(248.2414765 1 -1)
(248.5258612 1 -1)
(248.8080644 1 -1)
(249.0881026 1 -1)
(249.3659926 1 -1)
(249.6417507 1 -1)
(249.9153934 1 -1)
(250.1869369 1 -1)
(250.4563973 1 -1)
(250.7237906 1 -1)
(250.9891325 1 -1)
(251.252439 1 -1)
(251.5137255 1 -1)
(251.7730076 1 -1)
(252.0303006 1 -1)
(252.2856199 1 -1)
(252.5389805 1 -1)
(252.7903974 1 -1)
(253.0398857 1 -1)
(253.28746 1 -1)
(253.5331351 1 -1)
(253.7769256 1 -1)
(254.0188458 1 -1)
(254.2589102 1 -1)
(254.4971329 1 -1)
(254.7335282 1 -1)
(254.9681099 1 -1)
(255.2008921 1 -1)
(255.4318886 1 -1)
(255.661113 1 -1)
(255.8885789 1 -1)
(256.1142998 1 -1)
(256.3382892 1 -1)
(256.5605602 1 -1)
(256.7811261 1 -1)
(257 1 -1)
(0 -1 1)
(2.188738728 -1 1)
(4.360686815 -1 1)
(6.51597307 -1 1)
(8.654725311 -1 1)
(10.77707038 -1 1)
(12.88313413 -1 1)
(14.97304148 -1 1)
(17.04691636 -1 1)
(19.10488176 -1 1)
(21.14705974 -1 1)
(23.1735714 -1 1)
(25.18453692 -1 1)
(27.18007557 -1 1)
(29.16030569 -1 1)
(31.12534471 -1 1)
(33.07530918 -1 1)
(35.01031474 -1 1)
(36.93047614 -1 1)
(38.83590726 -1 1)
(40.7267211 -1 1)
(42.60302979 -1 1)
(44.46494461 -1 1)
(46.31257598 -1 1)
(48.14603347 -1 1)
(49.96542582 -1 1)
(51.77086092 -1 1)
(53.56244585 -1 1)
(55.34028686 -1 1)
(57.10448937 -1 1)
(58.85515803 -1 1)
(60.59239664 -1 1)
(62.31630825 -1 1)
(64.02699507 -1 1)
(65.72455858 -1 1)
(67.40909943 -1 1)
(69.08071753 -1 1)
(70.73951203 -1 1)
(72.38558128 -1 1)
(74.01902292 -1 1)
(75.63993381 -1 1)
(77.24841008 -1 1)
(78.84454712 -1 1)
(80.42843959 -1 1)
(82.00018143 -1 1)
(83.55986584 -1 1)
(85.10758533 -1 1)
(86.64343167 -1 1)
(88.16749596 -1 1)
(89.67986858 -1 1)
(91.18063921 -1 1)
(92.66989687 -1 1)
(94.14772987 -1 1)
(95.61422586 -1 1)
(97.0694718 -1 1)
(98.51355401 -1 1)
(99.94655811 -1 1)
(101.3685691 -1 1)
(102.7796713 -1 1)
(104.1799484 -1 1)
(105.5694835 -1 1)
(106.9483589 -1 1)
(108.3166564 -1 1)
(109.6744572 -1 1)
(111.0218418 -1 1)
(112.3588901 -1 1)
(113.6856814 -1 1)
(115.0022944 -1 1)
(116.3088072 -1 1)
(117.6052972 -1 1)
(118.8918413 -1 1)
(120.1685159 -1 1)
(121.4353966 -1 1)
(122.6925587 -1 1)
(123.9400765 -1 1)
(125.1780242 -1 1)
(126.4064751 -1 1)
(127.625502 -1 1)
(128.8351774 -1 1)
(130.0355729 -1 1)
(131.2267597 -1 1)
(132.4088085 -1 1)
(133.5817893 -1 1)
(134.7457718 -1 1)
(135.9008249 -1 1)
(137.0470171 -1 1)
(138.1844165 -1 1)
(139.3130904 -1 1)
(140.4331059 -1 1)
(141.5445293 -1 1)
(142.6474266 -1 1)
(143.7418631 -1 1)
(144.8279038 -1 1)
(145.9056131 -1 1)
(146.9750548 -1 1)
(148.0362925 -1 1)
(149.089389 -1 1)
(150.1344068 -1 1)
(151.1714078 -1 1)
(152.2004537 -1 1)
(153.2216053 -1 1)
(154.2349233 -1 1)
(155.2404678 -1 1)
(156.2382984 -1 1)
(157.2284742 -1 1)
(158.211054 -1 1)
(159.1860961 -1 1)
(160.1536582 -1 1)
(161.1137978 -1 1)
(162.0665719 -1 1)
(163.0120368 -1 1)
(163.9502487 -1 1)
(164.8812633 -1 1)
(165.8051356 -1 1)
(166.7219206 -1 1)
(167.6316726 -1 1)
(168.5344456 -1 1)
(169.430293 -1 1)
(170.3192681 -1 1)
(171.2014235 -1 1)
(172.0768115 -1 1)
(172.9454841 -1 1)
(173.8074928 -1 1)
(174.6628887 -1 1)
(175.5117226 -1 1)
(176.3540447 -1 1)
(177.189905 -1 1)
(178.0193532 -1 1)
(178.8424383 -1 1)
(179.6592093 -1 1)
(180.4697144 -1 1)
(181.2740019 -1 1)
(182.0721194 -1 1)
(182.8641143 -1 1)
(183.6500334 -1 1)
(184.4299235 -1 1)
(185.2038307 -1 1)
(185.971801 -1 1)
(186.7338799 -1 1)
(187.4901126 -1 1)
(188.240544 -1 1)
(188.9852185 -1 1)
(189.7241804 -1 1)
(190.4574734 -1 1)
(191.185141 -1 1)
(191.9072264 -1 1)
(192.6237724 -1 1)
(193.3348216 -1 1)
(194.040416 -1 1)
(194.7405975 -1 1)
(195.4354076 -1 1)
(196.1248877 -1 1)
(196.8090784 -1 1)
(197.4880205 -1 1)
(198.1617541 -1 1)
(198.8303193 -1 1)
(199.4937557 -1 1)
(200.1521026 -1 1)
(200.805399 -1 1)
(201.4536838 -1 1)
(202.0969954 -1 1)
(202.7353718 -1 1)
(203.3688511 -1 1)
(203.9974706 -1 1)
(204.6212678 -1 1)
(205.2402797 -1 1)
(205.8545428 -1 1)
(206.4640937 -1 1)
(207.0689685 -1 1)
(207.6692031 -1 1)
(208.264833 -1 1)
(208.8558937 -1 1)
(209.4424201 -1 1)
(210.024447 -1 1)
(210.602009 -1 1)
(211.1751403 -1 1)
(211.7438749 -1 1)
(212.3082465 -1 1)
(212.8682886 -1 1)
(213.4240344 -1 1)
(213.9755169 -1 1)
(214.5227688 -1 1)
(215.0658224 -1 1)
(215.6047101 -1 1)
(216.1394638 -1 1)
(216.6701152 -1 1)
(217.1966958 -1 1)
(217.7192367 -1 1)
(218.2377691 -1 1)
(218.7523236 -1 1)
(219.2629307 -1 1)
(219.7696208 -1 1)
(220.2724239 -1 1)
(220.7713698 -1 1)
(221.2664881 -1 1)
(221.7578082 -1 1)
(222.2453591 -1 1)
(222.7291699 -1 1)
(223.2092692 -1 1)
(223.6856854 -1 1)
(224.1584469 -1 1)
(224.6275816 -1 1)
(225.0931175 -1 1)
(225.555082 -1 1)
(226.0135026 -1 1)
(226.4684066 -1 1)
(226.9198207 -1 1)
(227.3677719 -1 1)
(227.8122867 -1 1)
(228.2533915 -1 1)
(228.6911124 -1 1)
(229.1254754 -1 1)
(229.5565062 -1 1)
(229.9842304 -1 1)
(230.4086733 -1 1)
(230.8298602 -1 1)
(231.247816 -1 1)
(231.6625656 -1 1)
(232.0741334 -1 1)
(232.4825439 -1 1)
(232.8878214 -1 1)
(233.2899898 -1 1)
(233.689073 -1 1)
(234.0850948 -1 1)
(234.4780785 -1 1)
(234.8680474 -1 1)
(235.2550248 -1 1)
(235.6390335 -1 1)
(236.0200963 -1 1)
(236.3982359 -1 1)
(236.7734746 -1 1)
(237.1458347 -1 1)
(237.5153383 -1 1)
(237.8820073 -1 1)
(238.2458635 -1 1)
(238.6069283 -1 1)
(238.9652233 -1 1)
(239.3207697 -1 1)
(239.6735885 -1 1)
(240.0237008 -1 1)
(240.3711272 -1 1)
(240.7158884 -1 1)
(241.0580047 -1 1)
(241.3974966 -1 1)
(241.7343841 -1 1)
(242.0686872 -1 1)
(242.4004257 -1 1)
(242.7296194 -1 1)
(243.0562877 -1 1)
(243.38045 -1 1)
(243.7021255 -1 1)
(244.0213333 -1 1)
(244.3380923 -1 1)
(244.6524214 -1 1)
(244.9643392 -1 1)
(245.2738641 -1 1)
(245.5810145 -1 1)
(245.8858086 -1 1)
(246.1882646 -1 1)
(246.4884003 -1 1)
(246.7862336 -1 1)
(247.081782 -1 1)
(247.3750632 -1 1)
(247.6660945 -1 1)
(247.9548933 -1 1)
(248.2414765 -1 1)
(248.5258612 -1 1)
(248.8080644 -1 1)
(249.0881026 -1 1)
(249.3659926 -1 1)
(249.6417507 -1 1)
(249.9153934 -1 1)
(250.1869369 -1 1)
(250.4563973 -1 1)
(250.7237906 -1 1)
(250.9891325 -1 1)
(251.252439 -1 1)
(251.5137255 -1 1)
(251.7730076 -1 1)
(252.0303006 -1 1)
(252.2856199 -1 1)
(252.5389805 -1 1)
(252.7903974 -1 1)
(253.0398857 -1 1)
(253.28746 -1 1)
(253.5331351 -1 1)
(253.7769256 -1 1)
(254.0188458 -1 1)
(254.2589102 -1 1)
(254.4971329 -1 1)
(254.7335282 -1 1)
(254.9681099 -1 1)
(255.2008921 -1 1)
(255.4318886 -1 1)
(255.661113 -1 1)
(255.8885789 -1 1)
(256.1142998 -1 1)
(256.3382892 -1 1)
(256.5605602 -1 1)
(256.7811261 -1 1)
(257 -1 1)
(0 1 1)
(2.188738728 1 1)
(4.360686815 1 1)
(6.51597307 1 1)
(8.654725311 1 1)
(10.77707038 1 1)
(12.88313413 1 1)
(14.97304148 1 1)
(17.04691636 1 1)
(19.10488176 1 1)
(21.14705974 1 1)
(23.1735714 1 1)
(25.18453692 1 1)
(27.18007557 1 1)
(29.16030569 1 1)
(31.12534471 1 1)
(33.07530918 1 1)
(35.01031474 1 1)
(36.93047614 1 1)
(38.83590726 1 1)
(40.7267211 1 1)
(42.60302979 1 1)
(44.46494461 1 1)
(46.31257598 1 1)
(48.14603347 1 1)
(49.96542582 1 1)
(51.77086092 1 1)
(53.56244585 1 1)
(55.34028686 1 1)
(57.10448937 1 1)
(58.85515803 1 1)
(60.59239664 1 1)
(62.31630825 1 1)
(64.02699507 1 1)
(65.72455858 1 1)
(67.40909943 1 1)
(69.08071753 1 1)
(70.73951203 1 1)
(72.38558128 1 1)
(74.01902292 1 1)
(75.63993381 1 1)
(77.24841008 1 1)
(78.84454712 1 1)
(80.42843959 1 1)
(82.00018143 1 1)
(83.55986584 1 1)
(85.10758533 1 1)
(86.64343167 1 1)
(88.16749596 1 1)
(89.67986858 1 1)
(91.18063921 1 1)
(92.66989687 1 1)
(94.14772987 1 1)
(95.61422586 1 1)
(97.0694718 1 1)
(98.51355401 1 1)
(99.94655811 1 1)
(101.3685691 1 1)
(102.7796713 1 1)
(104.1799484 1 1)
(105.5694835 1 1)
(106.9483589 1 1)
(108.3166564 1 1)
(109.6744572 1 1)
(111.0218418 1 1)
(112.3588901 1 1)
(113.6856814 1 1)
(115.0022944 1 1)
(116.3088072 1 1)
(117.6052972 1 1)
(118.8918413 1 1)
(120.1685159 1 1)
(121.4353966 1 1)
(122.6925587 1 1)
(123.9400765 1 1)
(125.1780242 1 1)
(126.4064751 1 1)
(127.625502 1 1)
(128.8351774 1 1)
(130.0355729 1 1)
(131.2267597 1 1)
(132.4088085 1 1)
(133.5817893 1 1)
(134.7457718 1 1)
(135.9008249 1 1)
(137.0470171 1 1)
(138.1844165 1 1)
(139.3130904 1 1)
(140.4331059 1 1)
(141.5445293 1 1)
(142.6474266 1 1)
(143.7418631 1 1)
(144.8279038 1 1)
(145.9056131 1 1)
(146.9750548 1 1)
(148.0362925 1 1)
(149.089389 1 1)
(150.1344068 1 1)
(151.1714078 1 1)
(152.2004537 1 1)
(153.2216053 1 1)
(154.2349233 1 1)
(155.2404678 1 1)
(156.2382984 1 1)
(157.2284742 1 1)
(158.211054 1 1)
(159.1860961 1 1)
(160.1536582 1 1)
(161.1137978 1 1)
(162.0665719 1 1)
(163.0120368 1 1)
(163.9502487 1 1)
(164.8812633 1 1)
(165.8051356 1 1)
(166.7219206 1 1)
(167.6316726 1 1)
(168.5344456 1 1)
(169.430293 1 1)
(170.3192681 1 1)
(171.2014235 1 1)
(172.0768115 1 1)
(172.9454841 1 1)
(173.8074928 1 1)
(174.6628887 1 1)
(175.5117226 1 1)
(176.3540447 1 1)
(177.189905 1 1)
(178.0193532 1 1)
(178.8424383 1 1)
(179.6592093 1 1)
(180.4697144 1 1)
(181.2740019 1 1)
(182.0721194 1 1)
(182.8641143 1 1)
(183.6500334 1 1)
(184.4299235 1 1)
(185.2038307 1 1)
(185.971801 1 1)
(186.7338799 1 1)
(187.4901126 1 1)
(188.240544 1 1)
(188.9852185 1 1)
(189.7241804 1 1)
(190.4574734 1 1)
(191.185141 1 1)
(191.9072264 1 1)
(192.6237724 1 1)
(193.3348216 1 1)
(194.040416 1 1)
(194.7405975 1 1)
(195.4354076 1 1)
(196.1248877 1 1)
(196.8090784 1 1)
(197.4880205 1 1)
(198.1617541 1 1)
(198.8303193 1 1)
(199.4937557 1 1)
(200.1521026 1 1)
(200.805399 1 1)
(201.4536838 1 1)
(202.0969954 1 1)
(202.7353718 1 1)
(203.3688511 1 1)
(203.9974706 1 1)
(204.6212678 1 1)
(205.2402797 1 1)
(205.8545428 1 1)
(206.4640937 1 1)
(207.0689685 1 1)
(207.6692031 1 1)
(208.264833 1 1)
(208.8558937 1 1)
(209.4424201 1 1)
(210.024447 1 1)
(210.602009 1 1)
(211.1751403 1 1)
(211.7438749 1 1)
(212.3082465 1 1)
(212.8682886 1 1)
(213.4240344 1 1)
(213.9755169 1 1)
(214.5227688 1 1)
(215.0658224 1 1)
(215.6047101 1 1)
(216.1394638 1 1)
(216.6701152 1 1)
(217.1966958 1 1)
(217.7192367 1 1)
(218.2377691 1 1)
(218.7523236 1 1)
(219.2629307 1 1)
(219.7696208 1 1)
(220.2724239 1 1)
(220.7713698 1 1)
(221.2664881 1 1)
(221.7578082 1 1)
(222.2453591 1 1)
(222.7291699 1 1)
(223.2092692 1 1)
(223.6856854 1 1)
(224.1584469 1 1)
(224.6275816 1 1)
(225.0931175 1 1)
(225.555082 1 1)
(226.0135026 1 1)
(226.4684066 1 1)
(226.9198207 1 1)
(227.3677719 1 1)
(227.8122867 1 1)
(228.2533915 1 1)
(228.6911124 1 1)
(229.1254754 1 1)
(229.5565062 1 1)
(229.9842304 1 1)
(230.4086733 1 1)
(230.8298602 1 1)
(231.247816 1 1)
(231.6625656 1 1)
(232.0741334 1 1)
(232.4825439 1 1)
(232.8878214 1 1)
(233.2899898 1 1)
(233.689073 1 1)
(234.0850948 1 1)
(234.4780785 1 1)
(234.8680474 1 1)
(235.2550248 1 1)
(235.6390335 1 1)
(236.0200963 1 1)
(236.3982359 1 1)
(236.7734746 1 1)
(237.1458347 1 1)
(237.5153383 1 1)
(237.8820073 1 1)
(238.2458635 1 1)
(238.6069283 1 1)
(238.9652233 1 1)
(239.3207697 1 1)
(239.6735885 1 1)
(240.0237008 1 1)
(240.3711272 1 1)
(240.7158884 1 1)
(241.0580047 1 1)
(241.3974966 1 1)
(241.7343841 1 1)
(242.0686872 1 1)
(242.4004257 1 1)
(242.7296194 1 1)
(243.0562877 1 1)
(243.38045 1 1)
(243.7021255 1 1)
(244.0213333 1 1)
(244.3380923 1 1)
(244.6524214 1 1)
(244.9643392 1 1)
(245.2738641 1 1)
(245.5810145 1 1)
(245.8858086 1 1)
(246.1882646 1 1)
(246.4884003 1 1)
(246.7862336 1 1)
(247.081782 1 1)
(247.3750632 1 1)
(247.6660945 1 1)
(247.9548933 1 1)
(248.2414765 1 1)
(248.5258612 1 1)
(248.8080644 1 1)
(249.0881026 1 1)
(249.3659926 1 1)
(249.6417507 1 1)
(249.9153934 1 1)
(250.1869369 1 1)
(250.4563973 1 1)
(250.7237906 1 1)
(250.9891325 1 1)
(251.252439 1 1)
(251.5137255 1 1)
(251.7730076 1 1)
(252.0303006 1 1)
(252.2856199 1 1)
(252.5389805 1 1)
(252.7903974 1 1)
(253.0398857 1 1)
(253.28746 1 1)
(253.5331351 1 1)
(253.7769256 1 1)
(254.0188458 1 1)
(254.2589102 1 1)
(254.4971329 1 1)
(254.7335282 1 1)
(254.9681099 1 1)
(255.2008921 1 1)
(255.4318886 1 1)
(255.661113 1 1)
(255.8885789 1 1)
(256.1142998 1 1)
(256.3382892 1 1)
(256.5605602 1 1)
(256.7811261 1 1)
(257 1 1)
)


// ************************************************************************* //
