# Probe 0 (1 0 0)
# Probe 1 (140 0 0)
# Probe 2 (200 0 0)
# Probe 3 (249.6 0 0)
# Probe 4 (255 0 0)
#       Probe             0             1             2             3             4
#        Time
            0   3.59583e+06   3.59583e+06   3.59583e+06   3.59583e+06   3.59583e+06
         0.01   3.56295e+06   3.56295e+06   3.56295e+06   3.56295e+06   2.79516e+06
         0.02   3.56295e+06   3.56295e+06   3.56295e+06   3.56295e+06   1.92819e+06
         0.03   3.56295e+06   3.56295e+06   3.56295e+06   3.56192e+06   1.65669e+06
         0.04   3.56295e+06   3.56295e+06   3.56295e+06   3.54371e+06   1.53415e+06
         0.05   3.56295e+06   3.56295e+06   3.56295e+06   3.37235e+06   1.47164e+06
         0.06   3.56295e+06   3.56295e+06   3.56295e+06   3.29212e+06   1.43967e+06
         0.07   3.56295e+06   3.56295e+06   3.56295e+06   3.12224e+06   1.43005e+06
         0.08   3.56295e+06   3.56295e+06   3.56295e+06   2.85529e+06     1.436e+06
         0.09   3.56295e+06   3.56295e+06   3.56295e+06   2.63948e+06   1.45128e+06
          0.1   3.56295e+06   3.56295e+06   3.56295e+06   2.48267e+06   1.47054e+06
         0.11   3.56295e+06   3.56295e+06   3.56295e+06   2.36702e+06   1.48996e+06
         0.12   3.56295e+06   3.56295e+06   3.56295e+06   2.27867e+06   1.50733e+06
         0.13   3.56295e+06   3.56295e+06   3.56295e+06   2.20912e+06   1.52196e+06
         0.14   3.56295e+06   3.56295e+06   3.56295e+06   2.15282e+06   1.53376e+06
         0.15   3.56295e+06   3.56295e+06   3.56295e+06   2.10631e+06   1.54287e+06
         0.16   3.56295e+06   3.56295e+06   3.56295e+06   2.06759e+06   1.54979e+06
         0.17   3.56295e+06   3.56295e+06   3.56295e+06   2.03535e+06   1.55491e+06
         0.18   3.56295e+06   3.56295e+06   3.56295e+06   2.00877e+06   1.55853e+06
         0.19   3.56295e+06   3.56295e+06   3.56295e+06   1.98676e+06   1.56093e+06
          0.2   3.56295e+06   3.56295e+06   3.56295e+06   1.96932e+06   1.56245e+06
         0.21   3.56295e+06   3.56295e+06   3.56295e+06   1.95601e+06   1.56346e+06
         0.22   3.56295e+06   3.56295e+06   3.56295e+06   1.94598e+06   1.56416e+06
         0.23   3.56295e+06   3.56295e+06   3.56295e+06   1.93859e+06   1.56456e+06
         0.24   3.56295e+06   3.56295e+06   3.56295e+06   1.93317e+06   1.56473e+06
         0.25   3.56295e+06   3.56295e+06   3.56295e+06   1.92911e+06   1.56471e+06
         0.26   3.56295e+06   3.56295e+06   3.56295e+06   1.92604e+06   1.56456e+06
         0.27   3.56295e+06   3.56295e+06   3.56295e+06   1.92355e+06    1.5643e+06
         0.28   3.56295e+06   3.56295e+06   3.56295e+06    1.9212e+06   1.56394e+06
         0.29   3.56295e+06   3.56295e+06   3.56295e+06   1.91873e+06   1.56354e+06
          0.3   3.56295e+06   3.56295e+06   3.56295e+06   1.91612e+06   1.56318e+06
         0.31   3.56295e+06   3.56295e+06   3.56295e+06   1.91337e+06   1.56286e+06
         0.32   3.56295e+06   3.56295e+06   3.56295e+06   1.91044e+06   1.56249e+06
         0.33   3.56295e+06   3.56295e+06   3.56294e+06    1.9074e+06   1.56206e+06
         0.34   3.56295e+06   3.56295e+06    3.5629e+06   1.90431e+06   1.56163e+06
         0.35   3.56295e+06   3.56295e+06   3.56282e+06   1.90115e+06   1.56122e+06
         0.36   3.56295e+06   3.56295e+06   3.56264e+06   1.89792e+06   1.56082e+06
         0.37   3.56295e+06   3.56295e+06   3.56226e+06   1.89471e+06   1.56045e+06
         0.38   3.56295e+06   3.56295e+06   3.56155e+06   1.89161e+06   1.56011e+06
         0.39   3.56295e+06   3.56295e+06   3.56031e+06   1.88864e+06   1.55975e+06
          0.4   3.56295e+06   3.56295e+06   3.55833e+06   1.88574e+06   1.55936e+06
         0.41   3.56295e+06   3.56295e+06   3.55544e+06    1.8829e+06   1.55898e+06
         0.42   3.56295e+06   3.56295e+06   3.55168e+06   1.88012e+06   1.55864e+06
         0.43   3.56295e+06   3.56295e+06   3.54743e+06   1.87747e+06   1.55835e+06
         0.44   3.56295e+06   3.56295e+06   3.54336e+06   1.87498e+06   1.55805e+06
         0.45   3.56295e+06   3.56295e+06    3.5402e+06   1.87258e+06   1.55775e+06
         0.46   3.56295e+06   3.56295e+06   3.53794e+06   1.87026e+06   1.55746e+06
         0.47   3.56295e+06   3.56295e+06   3.52792e+06   1.86807e+06   1.55723e+06
         0.48   3.56295e+06   3.56295e+06   3.51137e+06   1.86605e+06   1.55706e+06
         0.49   3.56295e+06   3.56295e+06   3.49175e+06   1.86415e+06    1.5569e+06
          0.5   3.56295e+06   3.56295e+06   3.46885e+06   1.86235e+06   1.55677e+06
         0.51   3.56295e+06   3.56295e+06   3.44737e+06   1.86067e+06    1.5567e+06
         0.52   3.56295e+06   3.56295e+06   3.43138e+06    1.8591e+06    1.5567e+06
         0.53   3.56295e+06   3.56295e+06   3.41977e+06   1.85762e+06   1.55675e+06
         0.54   3.56295e+06   3.56295e+06   3.41283e+06   1.85622e+06   1.55683e+06
         0.55   3.56295e+06   3.56295e+06   3.41012e+06   1.85495e+06   1.55695e+06
         0.56   3.56295e+06   3.56295e+06   3.40883e+06    1.8538e+06   1.55709e+06
         0.57   3.56295e+06   3.56295e+06   3.40516e+06   1.85276e+06   1.55724e+06
         0.58   3.56295e+06   3.56295e+06    3.3994e+06   1.85182e+06   1.55743e+06
         0.59   3.56295e+06   3.56295e+06   3.39106e+06   1.85098e+06   1.55768e+06
          0.6   3.56295e+06   3.56295e+06   3.38987e+06   1.85025e+06     1.558e+06
         0.61   3.56295e+06   3.56295e+06   3.39163e+06   1.84962e+06   1.55838e+06
         0.62   3.56295e+06   3.56295e+06    3.3882e+06   1.84908e+06   1.55883e+06
         0.63   3.56295e+06   3.56295e+06   3.38662e+06   1.84864e+06   1.55935e+06
         0.64   3.56295e+06   3.56295e+06   3.38622e+06   1.84833e+06   1.55995e+06
         0.65   3.56295e+06   3.56295e+06   3.38457e+06   1.84813e+06    1.5606e+06
         0.66   3.56295e+06   3.56295e+06    3.3802e+06   1.84805e+06   1.56133e+06
         0.67   3.56295e+06   3.56295e+06   3.37602e+06    1.8481e+06   1.56213e+06
         0.68   3.56295e+06   3.56295e+06   3.37461e+06   1.84829e+06   1.56301e+06
         0.69   3.56295e+06   3.56295e+06   3.36591e+06    1.8486e+06   1.56399e+06
          0.7   3.56295e+06   3.56295e+06   3.35828e+06   1.84903e+06   1.56508e+06
         0.71   3.56295e+06   3.56295e+06    3.3482e+06   1.84958e+06   1.56627e+06
         0.72   3.56295e+06   3.56295e+06   3.33341e+06   1.85027e+06   1.56758e+06
         0.73   3.56295e+06   3.56294e+06   3.31689e+06    1.8511e+06   1.56901e+06
         0.74   3.56295e+06   3.56294e+06   3.29088e+06   1.85057e+06   1.57056e+06
         0.75   3.56295e+06   3.56292e+06   3.27327e+06    1.8409e+06   1.57224e+06
         0.76   3.56295e+06    3.5629e+06   3.25307e+06   1.83435e+06   1.57405e+06
         0.77   3.56295e+06   3.56286e+06   3.23101e+06   1.82981e+06    1.5751e+06
         0.78   3.56295e+06   3.56279e+06   3.20819e+06   1.82657e+06   1.57134e+06
         0.79   3.56295e+06   3.56268e+06   3.19252e+06   1.82691e+06   1.56475e+06
          0.8   3.56295e+06   3.56251e+06   3.17395e+06   1.82325e+06     1.557e+06
         0.81   3.56295e+06   3.56225e+06   3.14748e+06   1.81451e+06   1.55511e+06
         0.82   3.56295e+06   3.56188e+06   3.12747e+06   1.80647e+06   1.55516e+06
         0.83   3.56295e+06   3.56135e+06   3.10852e+06   1.80657e+06   1.54738e+06
         0.84   3.56295e+06   3.56063e+06   3.09071e+06   1.80002e+06   1.54087e+06
         0.85   3.56295e+06   3.55967e+06   3.07785e+06   1.80261e+06   1.53384e+06
         0.86   3.56295e+06   3.55844e+06   3.05363e+06   1.79349e+06   1.53084e+06
         0.87   3.56295e+06   3.55691e+06   3.03831e+06   1.78907e+06   1.52436e+06
         0.88   3.56295e+06   3.55509e+06   3.02666e+06    1.7853e+06   1.52044e+06
         0.89   3.56295e+06   3.55301e+06   3.00609e+06   1.78194e+06   1.51561e+06
          0.9   3.56295e+06   3.55074e+06   2.99694e+06   1.77952e+06   1.51106e+06
         0.91   3.56295e+06    3.5484e+06   2.97586e+06   1.77847e+06   1.50677e+06
         0.92   3.56295e+06   3.54612e+06   2.96777e+06   1.78149e+06   1.50268e+06
         0.93   3.56295e+06   3.54404e+06   2.94846e+06   1.77111e+06   1.49923e+06
         0.94   3.56295e+06   3.54226e+06   2.93572e+06   1.77332e+06   1.49584e+06
         0.95   3.56295e+06   3.54085e+06   2.92786e+06   1.76551e+06   1.49172e+06
         0.96   3.56295e+06   3.53982e+06   2.90978e+06   1.76908e+06   1.48876e+06
         0.97   3.56295e+06   3.53918e+06   2.89721e+06   1.76084e+06   1.48567e+06
         0.98   3.56295e+06   3.53807e+06   2.89047e+06   1.75795e+06   1.47993e+06
         0.99   3.56295e+06    3.5362e+06   2.87427e+06   1.75371e+06   1.48646e+06
            1   3.56295e+06   3.52903e+06   2.86265e+06   1.75081e+06   1.47568e+06
         1.01   3.56295e+06    3.5227e+06   2.85673e+06   1.75124e+06   1.47361e+06
         1.02   3.56295e+06    3.5147e+06   2.84169e+06   1.75367e+06   1.47766e+06
         1.03   3.56295e+06    3.5046e+06   2.83108e+06   1.75078e+06   1.47193e+06
         1.04   3.56295e+06     3.493e+06   2.82516e+06   1.74098e+06   1.46473e+06
         1.05   3.56295e+06    3.4805e+06   2.81541e+06   1.73557e+06   1.46346e+06
         1.06   3.56295e+06   3.46791e+06   2.80153e+06   1.73418e+06    1.4709e+06
         1.07   3.56295e+06   3.45895e+06   2.79308e+06   1.73809e+06   1.45916e+06
         1.08   3.56295e+06   3.44826e+06    2.7871e+06   1.73094e+06   1.45441e+06
         1.09   3.56295e+06   3.43957e+06   2.77816e+06   1.72496e+06    1.4526e+06
          1.1   3.56295e+06   3.42989e+06   2.76908e+06   1.72295e+06   1.45045e+06
         1.11   3.56295e+06   3.42514e+06   2.75834e+06   1.72677e+06   1.44594e+06
         1.12   3.56295e+06   3.42024e+06   2.75028e+06    1.7162e+06   1.44636e+06
         1.13   3.56295e+06   3.41969e+06   2.74609e+06   1.72158e+06   1.44403e+06
         1.14   3.56295e+06   3.41455e+06   2.73823e+06   1.71721e+06   1.44593e+06
         1.15   3.56295e+06   3.41261e+06   2.72786e+06   1.70757e+06   1.43804e+06
         1.16   3.56295e+06   3.41168e+06   2.72312e+06    1.7067e+06   1.44606e+06
         1.17   3.56295e+06   3.41099e+06   2.71651e+06   1.71161e+06   1.43606e+06
         1.18   3.56295e+06   3.41043e+06   2.70699e+06   1.69929e+06   1.43626e+06
         1.19   3.56295e+06   3.41002e+06   2.70285e+06   1.70078e+06   1.43121e+06
          1.2   3.56295e+06   3.40974e+06   2.69381e+06   1.70174e+06   1.43693e+06
         1.21   3.56295e+06   3.40938e+06   2.68999e+06    1.6916e+06   1.42578e+06
         1.22   3.56295e+06    3.4107e+06   2.68395e+06   1.69765e+06   1.42837e+06
         1.23   3.56295e+06   3.40155e+06   2.67763e+06   1.69083e+06   1.42456e+06
         1.24   3.56295e+06   3.40603e+06   2.67164e+06   1.68798e+06   1.41892e+06
         1.25   3.56295e+06   3.40133e+06   2.66699e+06   1.69171e+06   1.42785e+06
         1.26   3.56295e+06   3.39514e+06    2.6601e+06   1.68238e+06   1.42397e+06
         1.27   3.56295e+06   3.39359e+06   2.65258e+06   1.67677e+06   1.42358e+06
         1.28   3.56295e+06   3.39221e+06   2.64688e+06   1.68435e+06   1.42498e+06
         1.29   3.56295e+06   3.39373e+06   2.64196e+06   1.67333e+06   1.40967e+06
          1.3   3.56295e+06   3.39324e+06   2.63823e+06    1.6797e+06   1.40678e+06
         1.31   3.56295e+06   3.39348e+06   2.63393e+06   1.66887e+06   1.41784e+06
         1.32   3.56295e+06   3.39335e+06   2.62632e+06   1.66655e+06   1.40382e+06
         1.33   3.56295e+06   3.39355e+06   2.62372e+06   1.66372e+06   1.40743e+06
         1.34   3.56295e+06   3.39331e+06   2.61863e+06   1.66148e+06   1.40077e+06
         1.35   3.56295e+06   3.39316e+06   2.61403e+06   1.66043e+06   1.39745e+06
         1.36   3.56295e+06   3.39308e+06   2.61058e+06   1.66637e+06    1.3955e+06
         1.37   3.56295e+06   3.39305e+06   2.60313e+06   1.65634e+06   1.39376e+06
         1.38   3.56295e+06    3.3928e+06   2.60065e+06   1.66163e+06   1.39229e+06
         1.39   3.56295e+06   3.39268e+06   2.59718e+06   1.65259e+06   1.39483e+06
          1.4   3.56295e+06   3.39258e+06   2.59009e+06   1.65711e+06   1.39478e+06
         1.41   3.56295e+06   3.39207e+06   2.58826e+06   1.64791e+06   1.39642e+06
         1.42   3.56295e+06    3.3916e+06   2.58357e+06   1.65393e+06   1.39572e+06
         1.43   3.56295e+06   3.39128e+06   2.57942e+06   1.64362e+06   1.39288e+06
         1.44   3.56295e+06   3.39078e+06   2.57649e+06   1.65013e+06   1.38311e+06
         1.45   3.56295e+06   3.39062e+06   2.57136e+06   1.63916e+06   1.38082e+06
         1.46   3.56295e+06   3.39029e+06   2.56862e+06   1.64511e+06    1.3836e+06
         1.47   3.56295e+06   3.38998e+06   2.56227e+06   1.63781e+06   1.37798e+06
         1.48   3.56295e+06   3.38934e+06   2.56099e+06   1.63981e+06   1.37537e+06
         1.49   3.56295e+06   3.38835e+06   2.55493e+06   1.63413e+06   1.37604e+06
          1.5   3.56295e+06   3.38567e+06   2.55389e+06   1.63589e+06   1.37877e+06
         1.51   3.56295e+06   3.38458e+06   2.54925e+06   1.63222e+06   1.37269e+06
         1.52   3.56295e+06    3.3809e+06   2.54728e+06   1.63133e+06   1.37939e+06
         1.53   3.56295e+06   3.38048e+06   2.54296e+06   1.62841e+06   1.37019e+06
         1.54   3.56295e+06   3.38004e+06   2.53754e+06   1.62525e+06   1.37442e+06
         1.55   3.56295e+06   3.37287e+06   2.53703e+06   1.62711e+06   1.37246e+06
         1.56   3.56295e+06    3.3698e+06   2.53305e+06   1.62026e+06     1.371e+06
         1.57   3.56295e+06   3.36515e+06   2.52914e+06    1.6243e+06   1.36419e+06
         1.58   3.56295e+06   3.35576e+06   2.52487e+06   1.61594e+06   1.36655e+06
         1.59   3.56295e+06   3.35727e+06   2.52411e+06   1.62121e+06   1.35554e+06
          1.6   3.56295e+06   3.34938e+06   2.52035e+06   1.61151e+06   1.36335e+06
         1.61   3.56295e+06   3.34426e+06   2.51697e+06   1.61861e+06   1.35039e+06
         1.62   3.56295e+06   3.32963e+06   2.51242e+06   1.60939e+06    1.3629e+06
         1.63   3.56295e+06    3.3275e+06   2.50952e+06   1.61208e+06   1.35145e+06
         1.64   3.56295e+06   3.31863e+06   2.50925e+06   1.61017e+06   1.35558e+06
         1.65   3.56295e+06   3.30385e+06    2.5059e+06   1.60417e+06    1.3456e+06
         1.66   3.56295e+06   3.29232e+06   2.50291e+06   1.60922e+06   1.34892e+06
         1.67   3.56295e+06   3.28206e+06   2.50004e+06   1.59858e+06    1.3506e+06
         1.68   3.56295e+06   3.27241e+06   2.49722e+06   1.60627e+06   1.34304e+06
         1.69   3.56295e+06   3.26303e+06   2.49445e+06   1.59707e+06   1.35187e+06
          1.7   3.56294e+06   3.25927e+06   2.49172e+06   1.59912e+06   1.33855e+06
         1.71   3.56294e+06   3.24818e+06   2.48878e+06   1.60072e+06   1.34618e+06
         1.72   3.56293e+06   3.23895e+06    2.4861e+06   1.59394e+06   1.33603e+06
         1.73   3.56292e+06   3.22807e+06   2.48207e+06    1.5887e+06   1.33665e+06
         1.74   3.56291e+06   3.21703e+06   2.48176e+06   1.59482e+06     1.344e+06
         1.75    3.5629e+06   3.20637e+06    2.4788e+06   1.59416e+06   1.33209e+06
         1.76   3.56287e+06   3.19595e+06   2.47596e+06   1.58523e+06   1.32926e+06
         1.77   3.56284e+06   3.18303e+06   2.47306e+06   1.58588e+06   1.33366e+06
         1.78    3.5628e+06    3.1722e+06   2.46951e+06   1.58964e+06   1.33747e+06
         1.79   3.56275e+06   3.16347e+06   2.46922e+06   1.57904e+06   1.32482e+06
          1.8   3.56267e+06   3.15512e+06   2.46651e+06   1.57922e+06   1.32519e+06
         1.81   3.56258e+06   3.14991e+06     2.464e+06   1.58452e+06   1.33397e+06
         1.82   3.56245e+06   3.14391e+06   2.46152e+06   1.57421e+06   1.31991e+06
         1.83   3.56229e+06   3.13513e+06   2.45904e+06   1.57618e+06   1.32053e+06
         1.84   3.56209e+06   3.12655e+06   2.45656e+06   1.58038e+06   1.32878e+06
         1.85   3.56184e+06   3.11828e+06   2.45397e+06   1.57373e+06   1.31524e+06
         1.86   3.56152e+06   3.10985e+06   2.45043e+06   1.56844e+06   1.31634e+06
         1.87   3.56114e+06   3.10333e+06   2.45064e+06   1.57546e+06   1.32518e+06
         1.88   3.56066e+06   3.09504e+06   2.44837e+06   1.57012e+06   1.31257e+06
         1.89   3.56008e+06   3.08705e+06   2.44596e+06   1.56358e+06   1.31082e+06
          1.9   3.55939e+06   3.07945e+06   2.44352e+06   1.57076e+06   1.32102e+06
         1.91   3.55857e+06   3.07222e+06   2.44114e+06   1.56559e+06   1.31103e+06
         1.92   3.55761e+06   3.06501e+06   2.43881e+06   1.55795e+06   1.30628e+06
         1.93   3.55649e+06    3.0585e+06   2.43649e+06   1.56561e+06   1.31629e+06
         1.94   3.55521e+06   3.05162e+06   2.43421e+06   1.56181e+06   1.30561e+06
         1.95   3.55375e+06   3.04502e+06   2.43197e+06   1.55334e+06   1.30117e+06
         1.96   3.55211e+06   3.03872e+06   2.42976e+06   1.55958e+06   1.30937e+06
         1.97   3.55029e+06   3.03083e+06   2.42655e+06   1.55987e+06   1.30437e+06
         1.98   3.54829e+06   3.02509e+06    2.4244e+06   1.55019e+06     1.297e+06
         1.99   3.54613e+06   3.01936e+06   2.42237e+06   1.54993e+06   1.30143e+06
            2   3.54383e+06   3.00772e+06   2.42031e+06   1.55565e+06   1.30678e+06
         2.01   3.54141e+06   3.00177e+06   2.41835e+06   1.55065e+06   1.29296e+06
         2.02   3.53891e+06   2.99958e+06   2.41631e+06   1.54279e+06    1.2934e+06
         2.03    3.5396e+06   2.99493e+06    2.4143e+06   1.54408e+06   1.30324e+06
         2.04   3.53711e+06   2.99037e+06    2.4123e+06   1.54984e+06   1.29249e+06
         2.05   3.53466e+06   2.98398e+06   2.41024e+06   1.54727e+06   1.28683e+06
         2.06    3.5323e+06   2.97953e+06   2.40825e+06   1.53948e+06   1.28863e+06
         2.07   3.53005e+06   2.96906e+06   2.40629e+06   1.53498e+06    1.2978e+06
         2.08   3.52795e+06   2.96772e+06   2.40424e+06    1.5376e+06   1.29371e+06
         2.09   3.52896e+06   2.96426e+06   2.40237e+06   1.54295e+06   1.28246e+06
          2.1   3.52693e+06   2.95914e+06   2.40154e+06   1.54101e+06   1.28075e+06
         2.11   3.52516e+06   2.94963e+06   2.39968e+06    1.5366e+06   1.28193e+06
         2.12   3.52359e+06   2.94894e+06   2.39782e+06   1.52786e+06   1.29135e+06
         2.13   3.52218e+06   2.94448e+06   2.39597e+06   1.52721e+06   1.28992e+06
         2.14   3.52092e+06   2.93621e+06   2.39416e+06   1.53406e+06   1.27955e+06
         2.15   3.51979e+06   2.93494e+06   2.39234e+06   1.53446e+06   1.27376e+06
         2.16   3.51876e+06   2.93087e+06   2.39051e+06   1.53039e+06   1.27384e+06
         2.17   3.51778e+06   2.92559e+06   2.38865e+06   1.52484e+06   1.28174e+06
         2.18   3.51994e+06   2.92196e+06   2.38683e+06   1.51944e+06   1.28432e+06
         2.19   3.51884e+06   2.91814e+06   2.38505e+06   1.51915e+06   1.27587e+06
          2.2   3.51743e+06   2.91062e+06   2.38324e+06   1.52688e+06   1.26816e+06
         2.21   3.51548e+06   2.90994e+06   2.38147e+06   1.52551e+06   1.26631e+06
         2.22   3.51284e+06    2.9063e+06   2.37973e+06   1.52109e+06   1.26605e+06
         2.23   3.50952e+06   2.89863e+06   2.37801e+06   1.51369e+06   1.27659e+06
         2.24   3.50864e+06   2.89935e+06   2.37628e+06   1.51095e+06   1.27522e+06
         2.25   3.50327e+06   2.89589e+06   2.37343e+06    1.5113e+06   1.26445e+06
         2.26   3.49974e+06   2.89147e+06   2.37037e+06   1.51503e+06   1.25977e+06
         2.27   3.49157e+06   2.88863e+06   2.36837e+06   1.51807e+06    1.2588e+06
         2.28   3.48499e+06    2.8843e+06   2.36643e+06   1.51657e+06   1.25899e+06
         2.29   3.47678e+06   2.88176e+06    2.3657e+06   1.51344e+06   1.26062e+06
          2.3   3.46705e+06   2.87774e+06    2.3627e+06   1.50861e+06   1.26903e+06
         2.31   3.45598e+06   2.87526e+06   2.36197e+06   1.50324e+06   1.26764e+06
         2.32    3.4438e+06   2.87168e+06   2.36021e+06    1.5013e+06   1.26131e+06
         2.33   3.43084e+06    2.8642e+06   2.35831e+06   1.49968e+06   1.25312e+06
         2.34   3.41742e+06   2.86439e+06   2.35654e+06   1.49795e+06   1.25044e+06
         2.35   3.40675e+06   2.86092e+06   2.35361e+06   1.49668e+06   1.24916e+06
         2.36    3.3957e+06   2.85908e+06   2.35198e+06   1.49575e+06   1.24795e+06
         2.37   3.39987e+06   2.85579e+06   2.35035e+06   1.49522e+06   1.24677e+06
         2.38   3.39419e+06   2.84889e+06   2.35062e+06   1.49391e+06   1.24605e+06
         2.39   3.38937e+06   2.84929e+06   2.34862e+06   1.49296e+06   1.24528e+06
          2.4    3.3849e+06   2.84609e+06   2.34701e+06   1.49177e+06   1.24457e+06
         2.41   3.38107e+06   2.84438e+06   2.34533e+06   1.49421e+06   1.24362e+06
         2.42   3.36808e+06   2.84007e+06   2.34368e+06   1.49428e+06   1.24248e+06
         2.43   3.36951e+06    2.8372e+06    2.3422e+06   1.49378e+06   1.24173e+06
         2.44   3.36738e+06   2.83565e+06   2.33838e+06   1.49576e+06   1.24351e+06
         2.45   3.36572e+06   2.83298e+06   2.33795e+06   1.49507e+06   1.24213e+06
         2.46   3.36193e+06   2.82703e+06   2.33629e+06   1.49331e+06   1.24456e+06
         2.47   3.35547e+06   2.82742e+06   2.33459e+06   1.49171e+06   1.24842e+06
         2.48   3.35484e+06   2.82458e+06   2.33381e+06   1.49015e+06   1.24845e+06
         2.49   3.35248e+06   2.82086e+06   2.32991e+06   1.48928e+06   1.24579e+06
          2.5   3.34754e+06   2.81946e+06   2.32929e+06   1.48884e+06   1.24433e+06
         2.51    3.3484e+06   2.81552e+06   2.32791e+06   1.48777e+06    1.2415e+06
         2.52   3.33865e+06   2.81146e+06   2.32628e+06   1.48685e+06    1.2415e+06
         2.53   3.34359e+06   2.81191e+06   2.32316e+06    1.4853e+06   1.24205e+06
         2.54   3.33409e+06    2.8083e+06   2.32192e+06    1.4843e+06   1.24199e+06
         2.55   3.34047e+06   2.80627e+06   2.32169e+06   1.48302e+06   1.24147e+06
         2.56   3.33556e+06   2.80529e+06   2.31961e+06    1.4815e+06   1.24042e+06
         2.57   3.33615e+06   2.80188e+06   2.31759e+06   1.47936e+06   1.23933e+06
         2.58   3.33442e+06   2.79863e+06   2.31639e+06    1.4751e+06   1.23742e+06
         2.59   3.33064e+06   2.79681e+06   2.31311e+06   1.46775e+06    1.2355e+06
          2.6   3.33203e+06   2.79591e+06   2.31308e+06   1.47755e+06   1.23264e+06
         2.61   3.33107e+06   2.79262e+06   2.31092e+06   1.46377e+06   1.22213e+06
         2.62   3.32795e+06   2.78958e+06    2.3081e+06   1.47496e+06   1.21826e+06
         2.63   3.32977e+06   2.78797e+06   2.30801e+06   1.46159e+06   1.23309e+06
         2.64   3.32696e+06   2.78728e+06   2.30619e+06   1.47271e+06   1.21532e+06
         2.65   3.32701e+06   2.78324e+06   2.30359e+06   1.45995e+06   1.23054e+06
         2.66   3.32469e+06   2.78192e+06    2.3034e+06   1.46744e+06   1.21348e+06
         2.67   3.32264e+06   2.77916e+06   2.30141e+06   1.46884e+06   1.22927e+06
         2.68   3.32536e+06   2.77793e+06   2.29865e+06   1.45923e+06   1.21219e+06
         2.69   3.32357e+06   2.77521e+06    2.2983e+06   1.45491e+06    1.2172e+06
          2.7   3.32456e+06   2.77381e+06   2.29724e+06   1.46405e+06   1.22619e+06
         2.71   3.32289e+06   2.76931e+06   2.29608e+06   1.46426e+06   1.21131e+06
         2.72   3.32098e+06   2.76925e+06   2.29349e+06   1.45494e+06    1.2079e+06
         2.73   3.31904e+06   2.76819e+06   2.29094e+06   1.44969e+06    1.2207e+06
         2.74   3.32204e+06   2.76308e+06   2.29114e+06   1.45472e+06    1.2209e+06
         2.75    3.3206e+06   2.76375e+06    2.2894e+06   1.45842e+06   1.20687e+06
         2.76   3.31913e+06   2.76286e+06   2.28796e+06   1.45861e+06   1.20347e+06
         2.77   3.32016e+06   2.75953e+06   2.28612e+06     1.455e+06   1.20563e+06
         2.78     3.318e+06   2.75887e+06   2.28483e+06   1.44557e+06    1.2163e+06
         2.79   3.31578e+06   2.75558e+06   2.28358e+06   1.44294e+06   1.21656e+06
          2.8   3.31841e+06   2.75495e+06   2.28161e+06   1.45031e+06   1.20688e+06
         2.81   3.31639e+06   2.75074e+06   2.28064e+06   1.45179e+06   1.19915e+06
         2.82   3.31655e+06   2.75107e+06   2.27932e+06   1.45184e+06   1.19754e+06
         2.83   3.31376e+06   2.75048e+06    2.2775e+06   1.44897e+06   1.20241e+06
         2.84   3.31097e+06   2.74732e+06   2.27595e+06   1.43772e+06   1.21067e+06
         2.85   3.31286e+06   2.74675e+06   2.27304e+06   1.44829e+06   1.21064e+06
         2.86   3.31257e+06   2.74362e+06   2.27141e+06   1.43474e+06   1.20325e+06
         2.87    3.3094e+06   2.74307e+06   2.27179e+06   1.44676e+06   1.19229e+06
         2.88   3.31115e+06   2.73997e+06   2.27017e+06   1.44467e+06   1.20748e+06
         2.89    3.3084e+06   2.73949e+06     2.269e+06   1.43298e+06   1.19019e+06
          2.9   3.30786e+06   2.73647e+06   2.26726e+06   1.43137e+06   1.20544e+06
         2.91    3.3045e+06   2.73607e+06   2.26604e+06   1.44199e+06   1.19248e+06
         2.92   3.30621e+06   2.73312e+06   2.26396e+06     1.441e+06   1.18772e+06
         2.93    3.3037e+06   2.73275e+06   2.26296e+06   1.43733e+06   1.20186e+06
         2.94   3.30384e+06    2.7298e+06   2.26001e+06     1.426e+06   1.20193e+06
         2.95   3.30114e+06   2.72945e+06   2.26036e+06   1.43639e+06   1.18756e+06
         2.96   3.30298e+06   2.72657e+06   2.25851e+06   1.43696e+06   1.18304e+06
         2.97   3.30095e+06   2.72625e+06   2.25726e+06    1.4351e+06   1.18267e+06
         2.98   3.29905e+06   2.72345e+06    2.2545e+06   1.42718e+06   1.18344e+06
         2.99   3.29968e+06   2.72316e+06   2.25457e+06    1.4209e+06   1.18618e+06
            3   3.29749e+06   2.72044e+06   2.25322e+06   1.42452e+06   1.19417e+06
         3.01   3.29101e+06   2.72018e+06   2.25024e+06   1.43223e+06   1.19205e+06
         3.02   3.29828e+06   2.71749e+06    2.2506e+06   1.43017e+06   1.18937e+06
         3.03   3.29669e+06   2.71727e+06   2.24875e+06   1.42438e+06   1.18687e+06
         3.04   3.29547e+06   2.71463e+06   2.24745e+06   1.41588e+06   1.19017e+06
         3.05   3.29667e+06   2.71433e+06    2.2457e+06   1.41941e+06   1.18733e+06
         3.06   3.29482e+06   2.71186e+06   2.24474e+06   1.42571e+06   1.19127e+06
         3.07   3.29287e+06   2.70927e+06   2.24346e+06   1.42635e+06   1.18856e+06
         3.08   3.29577e+06   2.70914e+06   2.24058e+06   1.42372e+06   1.18852e+06
         3.09   3.29485e+06   2.70664e+06   2.24053e+06   1.41368e+06    1.1827e+06
          3.1   3.29355e+06   2.70648e+06   2.23923e+06   1.41787e+06   1.17502e+06
         3.11   3.29257e+06   2.70398e+06   2.23807e+06   1.42049e+06    1.1862e+06
         3.12   3.29174e+06   2.70385e+06   2.23681e+06   1.41871e+06   1.18113e+06
         3.13   3.29285e+06   2.70134e+06   2.23482e+06    1.4164e+06    1.1725e+06
         3.14   3.29105e+06   2.69888e+06   2.23204e+06   1.41011e+06   1.18257e+06
         3.15   3.28954e+06   2.69874e+06   2.23217e+06   1.40496e+06   1.18321e+06
         3.16   3.28865e+06   2.69632e+06   2.23104e+06   1.41492e+06   1.16495e+06
         3.17   3.28828e+06   2.69621e+06   2.22791e+06   1.41258e+06   1.18079e+06
         3.18   3.28862e+06    2.6938e+06   2.22812e+06   1.40471e+06   1.16506e+06
         3.19   3.28924e+06   2.69016e+06   2.22706e+06   1.40382e+06    1.1727e+06
          3.2   3.28981e+06   2.69127e+06   2.22503e+06   1.40984e+06   1.17733e+06
         3.21   3.29022e+06   2.68889e+06   2.22422e+06   1.41071e+06    1.1735e+06
         3.22   3.29019e+06   2.68876e+06   2.22307e+06   1.40764e+06   1.17656e+06
         3.23   3.28962e+06   2.68638e+06   2.22121e+06   1.40114e+06   1.17205e+06
         3.24   3.28912e+06   2.68635e+06   2.21838e+06   1.40671e+06   1.15859e+06
         3.25   3.28874e+06   2.68391e+06   2.21944e+06   1.40634e+06   1.17147e+06
         3.26   3.28834e+06   2.68154e+06   2.21766e+06   1.39573e+06    1.1674e+06
         3.27   3.28367e+06   2.68139e+06   2.21592e+06   1.40349e+06   1.16923e+06
         3.28   3.29094e+06   2.67899e+06   2.21318e+06   1.40167e+06   1.15587e+06
         3.29   3.28858e+06   2.67884e+06   2.21418e+06   1.40323e+06   1.16877e+06
          3.3   3.28854e+06    2.6764e+06   2.21237e+06   1.40231e+06   1.15606e+06
         3.31   3.28613e+06   2.67283e+06   2.21066e+06   1.39899e+06   1.15514e+06
         3.32   3.28468e+06    2.6738e+06   2.20898e+06   1.39356e+06    1.1536e+06
         3.33   3.28783e+06   2.67139e+06   2.20881e+06   1.39654e+06   1.15096e+06
         3.34   3.28589e+06   2.67115e+06   2.20715e+06   1.39983e+06   1.16614e+06
         3.35   3.28596e+06   2.66872e+06   2.20553e+06   1.40069e+06   1.15097e+06
         3.36   3.28302e+06   2.66851e+06     2.204e+06   1.39013e+06   1.14966e+06
         3.37   3.27616e+06   2.66599e+06   2.20384e+06   1.39602e+06   1.16193e+06
         3.38   3.28197e+06   2.66428e+06   2.20221e+06   1.39366e+06    1.1439e+06
         3.39    3.2811e+06   2.66324e+06   2.20062e+06   1.38772e+06    1.1546e+06
          3.4   3.27744e+06    2.6608e+06   2.19797e+06    1.3863e+06   1.15468e+06
         3.41   3.27822e+06   2.66049e+06   2.19911e+06   1.38983e+06   1.14894e+06
         3.42   3.27654e+06   2.65804e+06   2.19745e+06   1.39022e+06   1.14464e+06
         3.43   3.27688e+06   2.65775e+06   2.19594e+06   1.38962e+06   1.14322e+06
         3.44   3.27491e+06   2.65525e+06   2.19432e+06   1.37953e+06    1.1537e+06
         3.45   3.26981e+06   2.65501e+06   2.19191e+06   1.38681e+06   1.15278e+06
         3.46   3.26942e+06   2.65247e+06   2.19286e+06   1.38484e+06   1.15514e+06
         3.47    3.2663e+06   2.65227e+06   2.19127e+06   1.38537e+06   1.14475e+06
         3.48   3.26786e+06   2.64968e+06   2.18969e+06   1.38577e+06   1.14347e+06
         3.49   3.26158e+06   2.64583e+06   2.18706e+06   1.38576e+06   1.14426e+06
          3.5   3.26236e+06   2.64687e+06    2.1882e+06   1.38544e+06   1.14085e+06
         3.51   3.26033e+06   2.64439e+06   2.18643e+06   1.38338e+06   1.14344e+06
         3.52    3.2553e+06   2.64408e+06   2.18479e+06   1.38249e+06   1.13743e+06
         3.53   3.25473e+06   2.64155e+06   2.18206e+06   1.37372e+06   1.14175e+06
         3.54   3.25122e+06   2.64128e+06   2.18334e+06   1.38001e+06    1.1463e+06
         3.55   3.24073e+06   2.63872e+06   2.18175e+06   1.37897e+06   1.14598e+06
         3.56   3.24231e+06   2.63848e+06   2.18015e+06   1.37315e+06    1.1338e+06
         3.57   3.23933e+06   2.63591e+06   2.17852e+06   1.37581e+06   1.13397e+06
         3.58   3.23568e+06   2.63568e+06   2.17863e+06    1.3733e+06   1.14264e+06
         3.59   3.23134e+06   2.63311e+06   2.17707e+06    1.3739e+06    1.1433e+06
          3.6    3.2267e+06   2.62936e+06   2.17555e+06   1.36508e+06   1.13268e+06
         3.61   3.22109e+06   2.63037e+06   2.17402e+06   1.36344e+06   1.13457e+06
         3.62   3.21252e+06   2.62792e+06   2.17162e+06   1.36894e+06     1.137e+06
         3.63   3.21352e+06   2.62763e+06   2.17021e+06   1.37344e+06   1.14433e+06
         3.64   3.20844e+06    2.6252e+06   2.17127e+06   1.37186e+06   1.13112e+06
         3.65   3.20036e+06   2.62492e+06   2.16976e+06   1.35975e+06    1.1366e+06
         3.66   3.19664e+06   2.62249e+06   2.16832e+06   1.35831e+06   1.13448e+06
         3.67   3.18936e+06   2.62223e+06   2.16685e+06   1.36448e+06   1.13774e+06
         3.68    3.1842e+06   2.61962e+06   2.16436e+06   1.36949e+06   1.13787e+06
         3.69   3.17587e+06   2.61924e+06   2.16556e+06   1.35391e+06   1.13462e+06
          3.7   3.16978e+06   2.61676e+06   2.16349e+06    1.3524e+06   1.12827e+06
         3.71   3.16024e+06   2.61633e+06   2.16243e+06   1.36481e+06   1.13036e+06
         3.72   3.15501e+06   2.61371e+06   2.16091e+06   1.36527e+06   1.12045e+06
         3.73   3.14746e+06   2.61338e+06   2.16032e+06   1.36353e+06   1.11977e+06
         3.74   3.13278e+06   2.61061e+06   2.15791e+06   1.35848e+06   1.13004e+06
         3.75   3.12952e+06   2.61015e+06   2.15636e+06   1.36119e+06   1.12836e+06
         3.76   3.12246e+06   2.60734e+06   2.15639e+06   1.35916e+06   1.13529e+06
         3.77   3.11485e+06   2.60662e+06   2.15546e+06   1.35013e+06   1.13364e+06
         3.78   3.10685e+06   2.60248e+06   2.15448e+06   1.35896e+06    1.1166e+06
         3.79   3.09641e+06   2.60315e+06   2.15145e+06   1.35955e+06   1.13065e+06
          3.8   3.08768e+06   2.60246e+06   2.15036e+06   1.35894e+06   1.11366e+06
         3.81   3.07914e+06   2.59961e+06    2.1495e+06   1.35804e+06   1.12785e+06
         3.82   3.07009e+06   2.59884e+06   2.14987e+06   1.35723e+06   1.11631e+06
         3.83    3.0608e+06   2.59613e+06   2.14843e+06   1.35704e+06   1.12553e+06
         3.84   3.05148e+06   2.59541e+06    2.1477e+06   1.35631e+06   1.12648e+06
         3.85   3.04388e+06   2.59262e+06   2.14702e+06   1.35439e+06   1.11876e+06
         3.86   3.03483e+06   2.59157e+06   2.14352e+06   1.35216e+06   1.11077e+06
         3.87   3.02563e+06   2.59056e+06   2.14384e+06   1.35142e+06   1.11583e+06
         3.88   3.01658e+06   2.58758e+06   2.14306e+06   1.34989e+06   1.11955e+06
         3.89   3.00778e+06    2.5864e+06   2.14152e+06   1.34794e+06   1.12225e+06
          3.9   2.99894e+06   2.58539e+06    2.1407e+06   1.34863e+06   1.12165e+06
         3.91   2.99027e+06   2.58213e+06   2.13984e+06   1.34988e+06   1.11078e+06
         3.92   2.98145e+06   2.58074e+06   2.13891e+06   1.34291e+06   1.10646e+06
         3.93   2.97291e+06   2.57934e+06   2.13718e+06    1.3424e+06    1.1184e+06
         3.94   2.96506e+06   2.57796e+06   2.13564e+06   1.33426e+06   1.12118e+06
         3.95   2.95706e+06    2.5746e+06   2.13471e+06   1.33546e+06   1.10605e+06
         3.96   2.94933e+06   2.57309e+06   2.13374e+06    1.3446e+06   1.11168e+06
         3.97   2.94185e+06   2.57147e+06   2.13278e+06   1.34503e+06   1.10673e+06
         3.98   2.93466e+06   2.56992e+06   2.13131e+06   1.34562e+06   1.10811e+06
         3.99   2.92771e+06   2.56824e+06   2.13045e+06   1.34302e+06   1.10191e+06
            4   2.92061e+06   2.56329e+06   2.12952e+06   1.33626e+06   1.09937e+06
         4.01   2.91323e+06   2.56286e+06   2.12601e+06   1.32844e+06    1.1012e+06
         4.02   2.90616e+06    2.5611e+06   2.12513e+06   1.34169e+06   1.10034e+06
         4.03   2.89825e+06   2.55926e+06   2.12516e+06   1.33998e+06    1.1022e+06
         4.04   2.89167e+06   2.55755e+06   2.12419e+06   1.33875e+06   1.10874e+06
         4.05    2.8853e+06   2.55567e+06   2.12325e+06   1.33922e+06   1.10404e+06
         4.06   2.87487e+06   2.55375e+06   2.12174e+06   1.33933e+06   1.09581e+06
         4.07   2.86771e+06   2.54883e+06   2.12076e+06   1.33605e+06   1.11129e+06
         4.08   2.86417e+06   2.54785e+06   2.11979e+06   1.32369e+06    1.1047e+06
         4.09   2.85869e+06   2.54591e+06   2.11883e+06   1.32392e+06    1.1076e+06
          4.1   2.85327e+06   2.54393e+06   2.11624e+06   1.32737e+06   1.09525e+06
         4.11   2.84675e+06   2.54214e+06   2.11414e+06   1.32462e+06   1.10507e+06
         4.12   2.83673e+06   2.54028e+06   2.11439e+06   1.32536e+06   1.10322e+06
         4.13   2.83365e+06   2.53849e+06   2.11354e+06   1.33211e+06   1.09074e+06
         4.14   2.82873e+06   2.53653e+06   2.11258e+06   1.33291e+06    1.1038e+06
         4.15    2.8225e+06   2.53154e+06   2.11162e+06   1.33058e+06   1.09792e+06
         4.16   2.81758e+06   2.53087e+06   2.11063e+06   1.32199e+06    1.1036e+06
         4.17   2.80794e+06   2.52906e+06   2.10972e+06   1.31731e+06   1.08764e+06
         4.18   2.80548e+06   2.52727e+06   2.10747e+06   1.32043e+06   1.08846e+06
         4.19   2.79958e+06   2.52542e+06   2.10452e+06   1.32755e+06   1.09086e+06
          4.2   2.79531e+06   2.52371e+06   2.10488e+06   1.32815e+06   1.08633e+06
         4.21   2.78654e+06   2.52205e+06   2.10393e+06   1.32833e+06   1.09015e+06
         4.22   2.78454e+06   2.51739e+06   2.10296e+06   1.32386e+06   1.08463e+06
         4.23   2.77927e+06   2.51707e+06   2.10206e+06   1.31556e+06   1.09445e+06
         4.24   2.77149e+06    2.5156e+06   2.10128e+06   1.31476e+06   1.08565e+06
         4.25    2.7694e+06   2.51419e+06   2.10053e+06    1.3141e+06   1.09513e+06
         4.26   2.76455e+06    2.5099e+06   2.09627e+06   1.31232e+06   1.09761e+06
         4.27   2.75671e+06    2.5098e+06   2.09671e+06    1.3126e+06   1.08811e+06
         4.28   2.75377e+06   2.50842e+06   2.09587e+06   1.32107e+06    1.0834e+06
         4.29   2.75046e+06   2.50715e+06   2.09534e+06   1.31168e+06    1.0842e+06
          4.3   2.74486e+06   2.50308e+06   2.09457e+06   1.31019e+06   1.09105e+06
         4.31    2.7404e+06    2.5029e+06   2.09346e+06   1.31037e+06   1.09505e+06
         4.32    2.7351e+06   2.50181e+06   2.09077e+06   1.31419e+06   1.09214e+06
         4.33   2.73095e+06   2.50073e+06   2.08976e+06   1.31745e+06   1.08955e+06
         4.34   2.72692e+06   2.49786e+06   2.08925e+06   1.31512e+06    1.0764e+06
         4.35   2.72311e+06   2.49675e+06   2.08587e+06   1.30593e+06   1.08832e+06
         4.36   2.71603e+06   2.49565e+06   2.08642e+06   1.31358e+06   1.08312e+06
         4.37   2.71361e+06   2.49458e+06   2.08628e+06   1.31199e+06   1.08952e+06
         4.38   2.71015e+06   2.49189e+06   2.08369e+06   1.31332e+06   1.07611e+06
         4.39   2.70542e+06   2.49088e+06   2.08349e+06   1.31351e+06   1.08512e+06
          4.4   2.70214e+06   2.49003e+06   2.08131e+06   1.31354e+06   1.08679e+06
         4.41   2.69633e+06   2.48748e+06   2.08037e+06   1.31247e+06   1.07216e+06
         4.42   2.69271e+06   2.48659e+06   2.07992e+06   1.30997e+06   1.07536e+06
         4.43   2.68999e+06   2.48564e+06   2.07747e+06   1.30045e+06      1.07e+06
         4.44   2.68575e+06   2.48304e+06   2.07639e+06   1.30954e+06    1.0833e+06
         4.45   2.68162e+06   2.48215e+06   2.07615e+06   1.30884e+06    1.0789e+06
         4.46   2.67758e+06   2.48124e+06   2.07371e+06   1.30877e+06   1.07129e+06
         4.47   2.67362e+06   2.47755e+06   2.07271e+06   1.30475e+06   1.06862e+06
         4.48   2.66977e+06   2.47786e+06   2.07091e+06   1.30136e+06   1.06549e+06
         4.49   2.66602e+06   2.47697e+06   2.06974e+06   1.30366e+06   1.08138e+06
          4.5   2.66235e+06   2.47323e+06   2.06868e+06   1.30272e+06   1.07874e+06
         4.51   2.65877e+06   2.47361e+06   2.06678e+06   1.29978e+06   1.07134e+06
         4.52   2.65527e+06    2.4727e+06   2.06545e+06   1.30109e+06   1.06711e+06
         4.53   2.65186e+06   2.46904e+06   2.06439e+06   1.29177e+06   1.07519e+06
         4.54   2.64852e+06   2.46933e+06   2.06373e+06   1.29209e+06   1.07994e+06
         4.55   2.64527e+06   2.46843e+06   2.06108e+06   1.28992e+06   1.06128e+06
         4.56   2.64208e+06   2.46497e+06   2.05996e+06   1.29102e+06   1.07507e+06
         4.57   2.63897e+06   2.46508e+06   2.05925e+06   1.29721e+06   1.06253e+06
         4.58   2.63272e+06   2.46419e+06   2.05684e+06   1.29746e+06   1.05958e+06
         4.59    2.6307e+06   2.46088e+06   2.05566e+06   1.29934e+06   1.07132e+06
          4.6    2.6278e+06   2.46086e+06   2.05196e+06   1.29823e+06   1.07408e+06
         4.61   2.62496e+06      2.46e+06   2.05269e+06   1.28963e+06   1.07142e+06
         4.62   2.62219e+06   2.45675e+06   2.05136e+06   1.28377e+06    1.0722e+06
         4.63   2.61948e+06   2.45672e+06   2.04883e+06   1.28783e+06   1.07221e+06
         4.64   2.61459e+06   2.45588e+06    2.0482e+06   1.28131e+06   1.06132e+06
         4.65     2.612e+06   2.45256e+06   2.04676e+06   1.29211e+06    1.0553e+06
         4.66   2.60946e+06   2.45263e+06   2.04447e+06   1.29337e+06   1.07031e+06
         4.67   2.60698e+06   2.45183e+06    2.0436e+06   1.28938e+06   1.05647e+06
         4.68   2.60233e+06    2.4484e+06   2.04122e+06   1.28542e+06   1.07068e+06
         4.69   2.59997e+06   2.44868e+06   2.03925e+06   1.28247e+06   1.05269e+06
          4.7   2.59763e+06   2.44793e+06   2.03823e+06   1.27947e+06   1.05569e+06
         4.71   2.59319e+06   2.44564e+06   2.03458e+06   1.28869e+06   1.05144e+06
         4.72   2.59097e+06   2.44485e+06   2.03513e+06   1.28902e+06   1.05353e+06
         4.73   2.58862e+06   2.44417e+06   2.03141e+06   1.27868e+06   1.06295e+06
         4.74     2.583e+06   2.44185e+06   2.03197e+06   1.28265e+06   1.04828e+06
         4.75    2.5819e+06   2.44111e+06   2.02811e+06   1.28202e+06   1.04808e+06
         4.76   2.57983e+06   2.43935e+06   2.02876e+06    1.2864e+06   1.06142e+06
         4.77   2.57447e+06   2.43821e+06   2.02497e+06   1.28118e+06   1.06374e+06
         4.78    2.5735e+06   2.43757e+06   2.02573e+06   1.27665e+06   1.05075e+06
         4.79   2.57131e+06   2.43537e+06    2.0228e+06   1.27423e+06   1.04594e+06
          4.8   2.56916e+06   2.43467e+06   2.02305e+06   1.28056e+06   1.06061e+06
         4.81   2.56502e+06   2.43409e+06   2.02082e+06   1.28169e+06   1.04756e+06
         4.82   2.56294e+06   2.43186e+06   2.02057e+06   1.28094e+06   1.04424e+06
         4.83   2.56089e+06   2.43125e+06    2.0182e+06   1.27853e+06   1.04201e+06
         4.84   2.55699e+06   2.42909e+06   2.01689e+06   1.26641e+06   1.05288e+06
         4.85   2.55501e+06   2.42841e+06   2.01561e+06   1.26731e+06   1.05923e+06
         4.86   2.55291e+06   2.42788e+06   2.01193e+06   1.27629e+06   1.05506e+06
         4.87   2.54909e+06   2.42567e+06   2.01262e+06   1.27717e+06     1.054e+06
         4.88    2.5472e+06   2.42506e+06   2.01063e+06    1.2719e+06   1.05271e+06
         4.89    2.5425e+06   2.42291e+06   2.01032e+06    1.2694e+06   1.04153e+06
          4.9   2.54146e+06    2.4222e+06   2.00823e+06   1.27458e+06   1.05403e+06
         4.91   2.53949e+06    2.4216e+06   2.00461e+06   1.26781e+06   1.05079e+06
         4.92   2.53584e+06   2.41936e+06   2.00647e+06   1.27029e+06    1.0514e+06
         4.93   2.53391e+06   2.41867e+06   2.00434e+06   1.26279e+06   1.05148e+06
         4.94   2.53192e+06   2.41686e+06    2.0029e+06   1.26818e+06   1.04674e+06
         4.95   2.52834e+06   2.41563e+06   1.99934e+06   1.26676e+06   1.03698e+06
         4.96   2.52647e+06    2.4149e+06   2.00124e+06   1.26503e+06   1.04546e+06
         4.97   2.52453e+06   2.41162e+06    1.9993e+06   1.26538e+06   1.03256e+06
         4.98   2.52088e+06   2.41168e+06   1.99779e+06   1.26707e+06   1.04467e+06
         4.99   2.51896e+06   2.41084e+06   1.99805e+06   1.26404e+06   1.03304e+06
            5   2.51707e+06   2.40768e+06   1.99648e+06   1.26412e+06   1.03079e+06
         5.01   2.51349e+06   2.40742e+06   1.99416e+06   1.25757e+06   1.04378e+06
         5.02   2.51164e+06   2.40645e+06   1.99414e+06   1.25172e+06   1.03802e+06
         5.03    2.5098e+06   2.40543e+06    1.9929e+06   1.25198e+06   1.03149e+06
         5.04   2.50628e+06   2.40279e+06   1.99096e+06   1.26043e+06   1.03055e+06
         5.05   2.50448e+06    2.4016e+06   1.98921e+06   1.25954e+06   1.04123e+06
         5.06    2.5027e+06   2.40043e+06   1.98703e+06   1.25689e+06   1.03736e+06
         5.07   2.49925e+06   2.39921e+06   1.98793e+06   1.25725e+06    1.0385e+06
         5.08    2.4975e+06   2.39786e+06   1.98627e+06   1.25491e+06   1.03361e+06
         5.09   2.49455e+06   2.39498e+06   1.98442e+06   1.24598e+06   1.03626e+06
          5.1   2.49238e+06   2.39353e+06   1.98129e+06   1.23993e+06   1.03543e+06
         5.11   2.49068e+06   2.39203e+06   1.98336e+06    1.2535e+06   1.03104e+06
         5.12   2.48733e+06   2.39052e+06    1.9813e+06   1.25133e+06   1.03353e+06
         5.13   2.48567e+06   2.38891e+06   1.97966e+06    1.2486e+06   1.02991e+06
         5.14   2.48399e+06   2.38724e+06    1.9791e+06   1.24574e+06   1.02316e+06
         5.15   2.48074e+06   2.38547e+06   1.97837e+06   1.24555e+06   1.02629e+06
         5.16   2.47912e+06   2.38363e+06   1.97636e+06    1.2401e+06   1.01645e+06
         5.17   2.47587e+06   2.38171e+06   1.97482e+06   1.23543e+06    1.0253e+06
         5.18   2.47428e+06   2.37971e+06    1.9711e+06   1.24115e+06   1.01517e+06
         5.19   2.46995e+06   2.37763e+06   1.97372e+06   1.23211e+06   1.02484e+06
          5.2    2.4695e+06   2.37548e+06   1.97196e+06   1.23211e+06   1.01126e+06
         5.21   2.46796e+06   2.37321e+06   1.97085e+06   1.23225e+06   1.02203e+06
         5.22   2.46479e+06   2.37086e+06   1.96934e+06   1.22884e+06   1.01439e+06
         5.23   2.46326e+06   2.36843e+06   1.96803e+06   1.22964e+06   1.02205e+06
         5.24   2.46012e+06   2.36593e+06   1.96682e+06   1.23833e+06   1.02173e+06
         5.25   2.45861e+06   2.36239e+06   1.96527e+06   1.23832e+06   1.01968e+06
         5.26   2.45549e+06    2.3622e+06   1.96198e+06   1.23728e+06   1.01802e+06
         5.27     2.454e+06   2.35942e+06    1.9647e+06   1.23929e+06   1.01631e+06
         5.28   2.44973e+06    2.3566e+06   1.96333e+06   1.23649e+06   1.00326e+06
         5.29   2.44942e+06   2.35267e+06    1.9617e+06   1.23418e+06    1.0157e+06
          5.3   2.44679e+06    2.3522e+06   1.95997e+06   1.23432e+06   1.00176e+06
         5.31   2.44488e+06   2.34916e+06   1.95883e+06   1.23113e+06   1.01149e+06
         5.32   2.44341e+06   2.34499e+06   1.95736e+06   1.23196e+06   1.00586e+06
         5.33   2.44035e+06   2.34429e+06   1.95399e+06   1.21735e+06   1.01229e+06
         5.34   2.43889e+06   2.34104e+06   1.95671e+06   1.21525e+06   1.00936e+06
         5.35   2.43583e+06   2.33914e+06   1.95532e+06   1.22706e+06    1.0031e+06
         5.36   2.43439e+06    2.3358e+06    1.9533e+06   1.22454e+06   1.00786e+06
         5.37   2.43135e+06   2.33136e+06   1.95219e+06   1.22762e+06   1.00757e+06
         5.38    2.4299e+06   2.33038e+06   1.95076e+06   1.22678e+06        992761
         5.39   2.42687e+06   2.32571e+06    1.9473e+06    1.2261e+06   1.00689e+06
          5.4   2.42543e+06   2.32462e+06   1.94994e+06   1.22429e+06   1.01008e+06
         5.41   2.42241e+06   2.32216e+06    1.9487e+06   1.22286e+06   1.00553e+06
         5.42   2.42098e+06   2.31896e+06   1.94696e+06   1.22149e+06   1.00249e+06
         5.43   2.41686e+06   2.31405e+06   1.94554e+06   1.21987e+06        994567
         5.44   2.41654e+06   2.31322e+06   1.94275e+06   1.22016e+06        993414
         5.45   2.41269e+06   2.30991e+06   1.94063e+06   1.21916e+06        998677
         5.46   2.41211e+06   2.30662e+06   1.94356e+06   1.21818e+06        994482
         5.47   2.41065e+06   2.30242e+06   1.94282e+06   1.21784e+06        999331
         5.48    2.4077e+06   2.30019e+06   1.94131e+06   1.21642e+06        993908
         5.49   2.40628e+06   2.29614e+06   1.93982e+06   1.21502e+06        981509
          5.5   2.40329e+06   2.29433e+06   1.93837e+06   1.20981e+06        984168
         5.51   2.40188e+06   2.29148e+06   1.93736e+06   1.20259e+06        998083
         5.52    2.3989e+06   2.28858e+06   1.93591e+06   1.20495e+06        988254
         5.53   2.39749e+06   2.28566e+06   1.93458e+06   1.20035e+06        983881
         5.54   2.39453e+06   2.28274e+06   1.93321e+06   1.19876e+06        986314
         5.55   2.39311e+06   2.27773e+06   1.93201e+06   1.19756e+06        982629
         5.56   2.39016e+06   2.27474e+06   1.93087e+06   1.20749e+06        997453
         5.57   2.38875e+06   2.27296e+06   1.92968e+06    1.2013e+06        992162
         5.58    2.3858e+06   2.27015e+06   1.92829e+06   1.20431e+06        992780
         5.59   2.38439e+06   2.26732e+06   1.92468e+06   1.20444e+06        979980
          5.6   2.38145e+06    2.2637e+06   1.92347e+06    1.2035e+06        977651
         5.61   2.38005e+06   2.26089e+06   1.92335e+06   1.20429e+06        989767
         5.62   2.37712e+06   2.25807e+06   1.92573e+06   1.20407e+06        988665
         5.63   2.37572e+06   2.25531e+06   1.92409e+06   1.20508e+06        977830
         5.64   2.37279e+06   2.25036e+06   1.92255e+06   1.20199e+06        988493
         5.65   2.37138e+06   2.24875e+06   1.92084e+06   1.19576e+06        973140
         5.66   2.36846e+06   2.24608e+06    1.9193e+06   1.19987e+06        986489
         5.67   2.36705e+06   2.24342e+06   1.91804e+06   1.20168e+06        972322
         5.68   2.36413e+06   2.24078e+06    1.9162e+06   1.20128e+06        988084
         5.69   2.36273e+06   2.23715e+06    1.9148e+06   1.19793e+06        976525
          5.7   2.35876e+06    2.2344e+06   1.91371e+06   1.19506e+06        970226
         5.71   2.35841e+06   2.22964e+06    1.9123e+06   1.19316e+06        982613
         5.72   2.35462e+06   2.22805e+06   1.91078e+06   1.19612e+06        982263
         5.73   2.35409e+06    2.2254e+06   1.90918e+06    1.1939e+06        973750
         5.74   2.35051e+06   2.22272e+06   1.90593e+06   1.18236e+06        983096
         5.75   2.34978e+06   2.22006e+06   1.90346e+06   1.19405e+06        966717
         5.76   2.34834e+06    2.2175e+06   1.90565e+06   1.19236e+06        981906
         5.77   2.34546e+06   2.21486e+06   1.90442e+06   1.19169e+06        964399
         5.78   2.34317e+06   2.20961e+06   1.90182e+06   1.19481e+06        977770
         5.79   2.34169e+06   2.20807e+06   1.89884e+06   1.19204e+06        980936
          5.8    2.3394e+06   2.20556e+06   1.89801e+06   1.19243e+06        974432
         5.81   2.33644e+06   2.20307e+06   1.89745e+06   1.19095e+06        979129
         5.82   2.33549e+06   2.20059e+06   1.89628e+06   1.19021e+06        976096
         5.83   2.33245e+06   2.19801e+06   1.89456e+06   1.18815e+06        974807
         5.84   2.33029e+06   2.19546e+06   1.89355e+06   1.18856e+06        975869
         5.85   2.32861e+06   2.19019e+06   1.89163e+06   1.18666e+06        971163
         5.86   2.32619e+06   2.18882e+06   1.88993e+06   1.17154e+06        964363
         5.87   2.32459e+06   2.18647e+06   1.88574e+06   1.18504e+06        969502
         5.88   2.32217e+06   2.18405e+06   1.88147e+06   1.18375e+06        957603
         5.89   2.32057e+06   2.18153e+06   1.87963e+06   1.17264e+06        958574
          5.9   2.31816e+06   2.17904e+06   1.87777e+06   1.17444e+06        972344
         5.91   2.31601e+06   2.17582e+06   1.87573e+06   1.18133e+06        959765
         5.92     2.314e+06   2.17147e+06   1.87385e+06   1.18189e+06        971195
         5.93   2.31154e+06   2.17015e+06   1.87499e+06   1.17981e+06        966218
         5.94   2.30939e+06   2.16842e+06   1.87496e+06    1.1802e+06        967254
         5.95   2.30738e+06   2.16498e+06   1.87266e+06   1.18009e+06        964239
         5.96   2.30492e+06   2.16248e+06    1.8707e+06   1.17691e+06        947210
         5.97   2.30165e+06   2.16072e+06   1.86865e+06    1.1722e+06        967747
         5.98   2.30078e+06   2.15734e+06   1.86669e+06   1.16502e+06        955616
         5.99   2.29737e+06   2.15335e+06   1.86435e+06   1.16544e+06        958813
            6    2.2972e+06   2.15273e+06   1.86209e+06   1.17569e+06        950819
         6.01   2.29506e+06   2.15004e+06    1.8603e+06   1.17585e+06        963239
         6.02   2.29307e+06   2.14824e+06   1.85824e+06   1.17539e+06        965833
         6.03   2.29063e+06   2.14501e+06   1.85611e+06    1.1745e+06        952204
         6.04   2.28849e+06   2.14235e+06   1.85415e+06   1.17347e+06        958009
         6.05   2.28666e+06   2.14056e+06   1.84992e+06   1.17181e+06        965609
         6.06   2.28467e+06   2.13795e+06   1.84361e+06   1.16939e+06        948398
         6.07   2.28223e+06   2.13354e+06   1.84508e+06   1.16098e+06        960267
         6.08   2.27981e+06   2.13288e+06   1.84296e+06   1.16591e+06        950748
         6.09   2.27733e+06   2.13028e+06   1.84085e+06    1.1659e+06        947778
          6.1   2.27606e+06   2.12847e+06   1.83863e+06   1.16127e+06        958117
         6.11   2.27361e+06   2.12588e+06   1.83651e+06   1.16408e+06        957614
         6.12   2.27108e+06   2.12262e+06   1.83459e+06   1.15753e+06        958422
         6.13   2.26935e+06   2.12091e+06   1.83281e+06   1.16514e+06        944232
         6.14   2.26785e+06   2.11831e+06   1.83111e+06   1.16088e+06        943393
         6.15   2.26529e+06   2.11577e+06   1.82921e+06   1.15547e+06        949385
         6.16   2.26366e+06   2.11398e+06   1.82695e+06    1.1606e+06        935426
         6.17   2.26118e+06   2.11077e+06   1.82479e+06   1.16056e+06        953824
         6.18   2.25751e+06   2.10903e+06   1.81634e+06   1.16077e+06        946491
         6.19   2.25701e+06   2.10648e+06   1.81761e+06   1.15866e+06        951801
          6.2   2.25447e+06   2.10214e+06   1.81646e+06   1.15084e+06        933213
         6.21   2.25273e+06    2.1022e+06   1.81487e+06    1.1446e+06        944875
         6.22   2.25105e+06   2.09948e+06   1.81337e+06   1.15448e+06        947074
         6.23   2.24856e+06   2.09678e+06   1.80769e+06   1.15579e+06        944890
         6.24   2.24683e+06    2.0947e+06   1.80689e+06   1.15431e+06        946389
         6.25    2.2443e+06    2.0921e+06   1.80509e+06   1.15319e+06        945589
         6.26   2.24265e+06   2.08809e+06   1.80376e+06   1.15154e+06        935649
         6.27   2.24013e+06   2.08884e+06   1.80253e+06   1.14714e+06        934296
         6.28   2.23839e+06   2.08622e+06   1.79456e+06   1.14813e+06        938814
         6.29   2.23586e+06   2.08363e+06   1.79554e+06   1.14844e+06        939065
          6.3   2.23422e+06   2.08113e+06   1.79403e+06   1.14765e+06        940472
         6.31   2.23247e+06   2.07865e+06   1.79275e+06   1.14563e+06        923294
         6.32   2.22994e+06   2.07659e+06   1.79108e+06   1.14533e+06        934971
         6.33    2.2265e+06     2.074e+06   1.78543e+06   1.13875e+06        938411
         6.34   2.22579e+06   2.06995e+06   1.78455e+06   1.13416e+06        922905
         6.35   2.22405e+06   2.07063e+06   1.78298e+06   1.13097e+06        937164
         6.36   2.22153e+06   2.06814e+06   1.78131e+06    1.1369e+06        920531
         6.37   2.21791e+06   2.06562e+06   1.78072e+06   1.12831e+06        930773
         6.38   2.21818e+06   2.06372e+06   1.77341e+06   1.13009e+06        932809
         6.39   2.21567e+06    2.0612e+06   1.77395e+06   1.13312e+06        933241
          6.4   2.21317e+06   2.05871e+06   1.77317e+06    1.1254e+06        916251
         6.41    2.2096e+06   2.05625e+06   1.77184e+06   1.12141e+06        917923
         6.42   2.20985e+06   2.05241e+06   1.76676e+06   1.13258e+06        926178
         6.43   2.20737e+06   2.05313e+06   1.76601e+06    1.1341e+06        928872
         6.44   2.20488e+06   2.04788e+06   1.76538e+06   1.12991e+06        917803
         6.45   2.20133e+06   2.04674e+06   1.75613e+06   1.12376e+06        915605
         6.46   2.20159e+06   2.04566e+06   1.75936e+06   1.12373e+06        924966
         6.47   2.19912e+06   2.04165e+06   1.75828e+06    1.1128e+06        912562
         6.48   2.19664e+06   2.03956e+06   1.74904e+06   1.11305e+06        918939
         6.49   2.19315e+06   2.03911e+06   1.75257e+06   1.11428e+06        920296
          6.5   2.19336e+06     2.037e+06   1.75157e+06   1.11388e+06        906239
         6.51    2.1909e+06   2.03488e+06   1.74811e+06   1.11677e+06        902622
         6.52   2.18843e+06   2.03279e+06   1.74587e+06   1.11765e+06        913774
         6.53   2.18597e+06   2.03069e+06   1.74507e+06   1.11752e+06        909473
         6.54   2.18516e+06   2.02864e+06   1.74029e+06   1.11614e+06        901099
         6.55   2.18271e+06   2.02663e+06   1.73948e+06   1.11372e+06        904473
         6.56   2.18025e+06   2.02455e+06    1.7381e+06   1.11264e+06        908889
         6.57   2.17779e+06   2.02253e+06   1.73818e+06   1.10819e+06        893571
         6.58   2.17699e+06   2.02048e+06   1.72923e+06   1.10438e+06        903387
         6.59   2.17454e+06    2.0185e+06   1.73118e+06       1.1e+06        894843
          6.6    2.1721e+06   2.01648e+06   1.73177e+06   1.10797e+06        905102
         6.61    2.1701e+06   2.01452e+06   1.72501e+06    1.0977e+06        904596
         6.62   2.16802e+06   2.01205e+06   1.72575e+06   1.10339e+06        902736
         6.63   2.16551e+06   2.01006e+06   1.72558e+06   1.10273e+06        902387
         6.64   2.16349e+06   2.00868e+06   1.71963e+06   1.09996e+06        885951
         6.65    2.1614e+06   2.00653e+06   1.72003e+06   1.09959e+06        890857
         6.66   2.15959e+06   2.00115e+06   1.71822e+06   1.09685e+06        896885
         6.67   2.15776e+06   2.00143e+06   1.71489e+06   1.08647e+06        895865
         6.68   2.15574e+06   1.99919e+06    1.7147e+06   1.08261e+06        885318
         6.69   2.15362e+06   1.99763e+06    1.7097e+06   1.09249e+06        894988
          6.7   2.15157e+06   1.99596e+06   1.71005e+06   1.08794e+06        892923
         6.71    2.1495e+06   1.99431e+06    1.7003e+06   1.09197e+06        877062
         6.72   2.14747e+06   1.99223e+06   1.70555e+06   1.08799e+06        887896
         6.73    2.1454e+06   1.98776e+06   1.69871e+06   1.08035e+06        878926
         6.74   2.14329e+06     1.987e+06   1.70133e+06   1.06947e+06        885268
         6.75   2.14124e+06   1.98525e+06   1.70073e+06   1.06937e+06        884946
         6.76   2.13917e+06   1.98365e+06   1.69663e+06   1.06739e+06        884030
         6.77   2.13705e+06    1.9815e+06   1.69704e+06   1.07112e+06        874088
         6.78   2.13491e+06   1.97981e+06   1.69187e+06   1.07746e+06        880971
         6.79   2.13342e+06    1.9781e+06   1.69277e+06   1.07697e+06        878270
          6.8   2.13127e+06   1.97279e+06    1.6881e+06   1.07533e+06        875612
         6.81   2.12922e+06   1.97281e+06    1.6885e+06    1.0744e+06        879225
         6.82   2.12716e+06   1.97141e+06   1.68443e+06    1.0709e+06        877577
         6.83   2.12504e+06   1.96975e+06   1.68415e+06   1.05758e+06        871149
         6.84   2.12291e+06     1.968e+06    1.6787e+06   1.06854e+06        867610
         6.85   2.12077e+06   1.96499e+06   1.67941e+06   1.05958e+06        874802
         6.86   2.11863e+06   1.96317e+06   1.67985e+06   1.05152e+06        872573
         6.87   2.11651e+06     1.962e+06   1.67464e+06    1.0635e+06        856565
         6.88   2.11438e+06   1.96029e+06   1.67473e+06   1.05939e+06        855009
         6.89   2.11227e+06   1.95682e+06   1.67046e+06   1.05063e+06        869547
          6.9   2.11015e+06   1.95541e+06   1.67002e+06   1.04763e+06        860312
         6.91    2.1068e+06   1.95379e+06   1.66657e+06   1.05565e+06        852294
         6.92   2.10465e+06   1.95203e+06   1.66532e+06   1.05433e+06        854444
         6.93   2.10434e+06   1.94717e+06   1.66303e+06   1.05475e+06        862221
         6.94   2.10299e+06   1.94713e+06   1.66241e+06   1.04697e+06        849211
         6.95    2.1009e+06   1.94585e+06   1.65963e+06   1.05033e+06        846094
         6.96   2.09943e+06   1.94344e+06   1.65934e+06   1.05176e+06        844549
         6.97   2.09735e+06   1.94133e+06   1.65586e+06   1.05101e+06        858592
         6.98   2.09245e+06   1.93993e+06    1.6554e+06    1.0454e+06        851552
         6.99    2.0923e+06   1.93852e+06   1.65241e+06   1.04544e+06        847039
            7   2.08998e+06   1.93502e+06   1.65086e+06   1.04651e+06        847356
